20 0 0 0 0
21 0 0 0 0
17 0 0 0 0
20 0 0 0 0
16 0 0 0 0
20 0 0 0 0
16 0 0 0 0
22 0 0 0 0
18 0 0 0 0
20 0 0 0 0
22 0 0 0 0
17 0 0 0 0
17 0 0 0 0
22 0 0 0 0
13 0 0 0 0
18 0 0 0 0
16 0 0 0 0
15 0 0 0 0
19 0 0 0 0
23 0 0 0 0
19 0 0 0 0
16 0 0 0 0
16 0 0 0 0
18 0 0 0 0
17 0 0 0 0
24 0 0 0 0
20 0 0 0 0
19 0 0 0 0
25 0 0 0 0
20 0 0 0 0
21 0 0 0 0
20 0 0 0 0
16 0 0 0 0
17 0 0 0 0
21 0 0 0 0
13 0 0 0 0
19 0 0 0 0
20 0 0 0 0
13 0 0 0 0
22 1 0 0 0
16 0 0 0 0
12 0 0 0 0
23 0 0 0 0
25 0 0 0 0
22 0 0 0 0
22 0 0 0 0
20 0 0 0 0
15 0 0 0 0
22 0 0 0 0
18 0 0 0 0
15 0 0 0 0
12 0 0 0 0
15 0 0 0 0
17 0 0 0 0
15 0 0 0 0
14 0 0 0 0
18 0 0 0 0
22 0 0 0 0
23 0 0 0 0
25 0 0 0 0
16 0 0 0 0
23 0 0 0 0
16 0 0 0 0
16 0 0 0 0
21 0 0 0 0
14 0 0 0 0
12 0 0 0 0
14 0 0 0 0
24 0 0 0 0
22 0 0 0 0
22 0 0 0 0
15 0 0 0 0
16 0 0 0 0
17 0 0 0 0
22 0 0 0 0
21 0 0 0 0
24 0 0 0 0
18 0 0 0 0
19 0 0 0 0
16 0 0 0 0
19 0 0 0 0
25 0 0 0 0
18 0 0 0 0
20 0 0 0 0
21 0 0 0 0
23 0 0 0 0
25 0 0 0 0
28 1 0 0 0
19 0 0 0 0
15 0 0 0 0
11 0 0 0 0
20 0 0 0 0
15 0 0 0 0
13 0 0 0 0
18 1 0 0 0
21 0 0 0 0
18 0 0 0 0
23 0 0 0 0
18 0 0 0 0
19 0 0 0 0
14 0 0 0 0
18 0 0 0 0
22 0 0 0 0
15 0 0 0 0
17 0 0 0 0
13 0 0 0 0
16 0 0 0 0
15 0 0 0 0
14 0 0 0 0
15 0 0 0 0
18 0 0 0 0
24 0 0 0 0
24 0 0 0 0
24 0 0 0 0
20 0 0 0 0
23 0 0 0 0
15 0 0 0 0
21 0 0 0 0
13 0 0 0 0
27 0 0 0 0
20 0 0 0 0
18 0 0 0 0
22 0 0 0 0
23 0 0 0 0
23 0 0 0 0
17 0 0 0 0
21 0 0 0 0
19 0 0 0 0
25 0 0 0 0
20 0 0 0 0
19 0 0 0 0
21 0 0 0 0
19 0 0 0 0
7 0 0 0 0
20 0 0 0 0
16 0 0 0 0
17 0 0 0 0
19 0 0 0 0
22 0 0 0 0
22 0 0 0 0
25 0 0 0 0
27 0 0 0 0
23 0 0 0 0
20 0 0 0 0
21 0 0 0 0
18 0 0 0 0
21 0 0 0 0
23 0 0 0 0
15 0 0 0 0
20 0 0 0 0
18 0 0 0 0
17 0 0 0 0
21 0 0 0 0
11 0 0 0 0
17 0 0 0 0
22 0 0 0 0
17 0 0 0 0
19 0 0 0 0
19 0 0 0 0
18 0 0 0 0
17 0 0 0 0
21 0 0 0 0
24 0 0 0 0
20 0 0 0 0
15 0 0 0 0
21 0 0 0 0
14 0 0 0 0
23 0 0 0 0
15 0 0 0 0
15 0 0 0 0
24 0 0 0 0
21 0 0 0 0
21 0 0 0 0
22 0 0 0 0
21 0 0 0 0
11 0 0 0 0
26 0 0 0 0
14 0 0 0 0
17 0 0 0 0
22 0 0 0 0
16 0 0 0 0
15 0 0 0 0
19 0 0 0 0
23 0 0 0 0
20 0 0 0 0
26 0 0 0 0
20 1 0 0 0
18 0 0 0 0
16 0 0 0 0
13 0 0 0 0
15 0 0 0 0
26 0 0 0 0
14 0 0 0 0
17 0 0 0 0
14 0 0 0 0
10 0 0 0 0
23 1 0 0 0
11 0 0 0 0
18 0 0 0 0
14 0 0 0 0
18 0 0 0 0
16 0 0 0 0
18 0 0 0 0
18 0 0 0 0
10 0 0 0 0
17 0 0 0 0
19 0 0 0 0
27 0 0 0 0
21 0 0 0 0
20 0 0 0 0
23 0 0 0 0
14 0 0 0 0
19 0 0 0 0
19 0 0 0 0
14 0 0 0 0
24 0 0 0 0
25 0 0 0 0
18 0 0 0 0
16 0 0 0 0
20 0 0 0 0
17 0 0 0 0
18 0 0 0 0
15 0 0 0 0
16 0 0 0 0
18 0 0 0 0
14 0 0 0 0
17 0 0 0 0
16 1 0 0 0
16 0 0 0 0
27 0 0 0 0
11 0 0 0 0
19 0 0 0 0
18 0 0 0 0
16 0 0 0 0
20 0 0 0 0
23 0 0 0 0
21 0 0 0 0
25 0 0 0 0
15 0 0 0 0
14 0 0 0 0
21 0 0 0 0
17 0 0 0 0
21 0 0 0 0
19 0 0 0 0
19 0 0 0 0
23 0 0 0 0
17 0 0 0 0
15 0 0 0 0
14 0 0 0 0
19 0 0 0 0
16 0 0 0 0
14 0 0 0 0
12 0 0 0 0
21 0 0 0 0
18 0 0 0 0
24 0 0 0 0
17 0 0 0 0
12 0 0 0 0
24 0 0 0 0
20 0 0 0 0
20 0 0 0 0
21 0 0 0 0
15 0 0 0 0
22 0 0 0 0
22 0 0 0 0
15 0 0 0 0
15 0 0 0 0
26 0 0 0 0
15 0 0 0 0
22 0 0 0 0
14 0 0 0 0
18 0 0 0 0
15 0 0 0 0
17 0 0 0 0
24 0 0 0 0
22 0 0 0 0
21 0 0 0 0
21 1 0 0 0
16 0 0 0 0
23 0 0 0 0
17 0 0 0 0
20 0 0 0 0
18 0 0 0 0
18 0 0 0 0
14 0 0 0 0
22 0 0 0 0
18 0 0 0 0
18 0 0 0 0
26 0 0 0 0
11 0 0 0 0
12 0 0 0 0
14 0 0 0 0
17 0 0 0 0
23 0 0 0 0
23 0 0 0 0
17 0 0 0 0
14 0 0 0 0
22 0 0 0 0
28 0 0 0 0
16 0 0 0 0
22 1 0 0 0
16 0 0 0 0
17 0 0 0 0
13 0 0 0 0
20 0 0 0 0
18 0 0 0 0
18 0 0 0 0
15 0 0 0 0
17 0 0 0 0
22 0 0 0 0
19 0 0 0 0
22 0 0 0 0
26 0 0 0 0
14 0 0 0 0
18 0 0 0 0
18 0 0 0 0
14 0 0 0 0
22 0 0 0 0
20 0 0 0 0
27 0 0 0 0
22 0 0 0 0
23 0 0 0 0
19 0 0 0 0
24 0 0 0 0
24 0 0 0 0
16 0 0 0 0
17 0 0 0 0
22 0 0 0 0
22 0 0 0 0
15 0 0 0 0
19 0 0 0 0
21 0 0 0 0
11 0 0 0 0
22 0 0 0 0
18 0 0 0 0
11 0 0 0 0
19 0 0 0 0
23 0 0 0 0
18 0 0 0 0
11 0 0 0 0
12 0 0 0 0
21 1 0 0 0
19 0 0 0 0
16 0 0 0 0
18 0 0 0 0
12 0 0 0 0
16 0 0 0 0
17 0 0 0 0
17 0 0 0 0
24 0 0 0 0
22 0 0 0 0
19 0 0 0 0
17 0 0 0 0
18 0 0 0 0
19 0 0 0 0
20 0 0 0 0
16 0 0 0 0
26 0 0 0 0
22 1 0 0 0
18 0 0 0 0
21 0 0 0 0
19 0 0 0 0
13 0 0 0 0
18 0 0 0 0
25 0 0 0 0
15 0 0 0 0
16 0 0 0 0
15 0 0 0 0
17 0 0 0 0
21 0 0 0 0
27 1 0 0 0
22 0 0 0 0
26 0 0 0 0
17 0 0 0 0
11 0 0 0 0
20 0 0 0 0
22 0 0 0 0
21 0 0 0 0
24 0 0 0 0
16 0 0 0 0
19 0 0 0 0
20 0 0 0 0
17 0 0 0 0
14 0 0 0 0
21 0 0 0 0
18 0 0 0 0
23 0 0 0 0
20 0 0 0 0
14 0 0 0 0
19 0 0 0 0
17 0 0 0 0
17 0 0 0 0
18 0 0 0 0
18 0 0 0 0
24 0 0 0 0
15 0 0 0 0
14 0 0 0 0
21 0 0 0 0
19 0 0 0 0
17 0 0 0 0
23 0 0 0 0
16 0 0 0 0
22 0 0 0 0
21 0 0 0 0
18 0 0 0 0
23 0 0 0 0
19 0 0 0 0
14 0 0 0 0
26 0 0 0 0
24 0 0 0 0
21 0 0 0 0
24 0 0 0 0
19 0 0 0 0
28 0 0 0 0
24 0 0 0 0
14 0 0 0 0
22 0 0 0 0
12 0 0 0 0
19 0 0 0 0
21 0 0 0 0
23 0 0 0 0
22 0 0 0 0
20 0 0 0 0
16 0 0 0 0
24 0 0 0 0
19 0 0 0 0
17 0 0 0 0
13 0 0 0 0
26 0 0 0 0
16 0 0 0 0
22 0 0 0 0
15 0 0 0 0
20 0 0 0 0
21 0 0 0 0
22 0 0 0 0
15 0 0 0 0
25 0 0 0 0
11 0 0 0 0
25 0 0 0 0
18 0 0 0 0
16 0 0 0 0
16 0 0 0 0
24 0 0 0 0
26 0 0 0 0
24 1 0 0 0
26 0 0 0 0
22 0 0 0 0
21 0 0 0 0
15 0 0 0 0
15 0 0 0 0
22 0 0 0 0
21 0 0 0 0
16 0 0 0 0
14 0 0 0 0
22 0 0 0 0
17 0 0 0 0
20 0 0 0 0
25 0 0 0 0
19 0 0 0 0
27 0 0 0 0
16 0 0 0 0
26 0 0 0 0
15 0 0 0 0
16 0 0 0 0
25 0 0 0 0
21 0 0 0 0
21 0 0 0 0
23 0 0 0 0
18 0 0 0 0
17 0 0 0 0
27 0 0 0 0
15 0 0 0 0
19 0 0 0 0
20 0 0 0 0
21 0 0 0 0
19 0 0 0 0
20 0 0 0 0
18 0 0 0 0
27 0 0 0 0
18 0 0 0 0
18 0 0 0 0
23 0 0 0 0
25 0 0 0 0
22 0 0 0 0
22 0 0 0 0
18 0 0 0 0
19 0 0 0 0
17 0 0 0 0
29 0 0 0 0
17 0 0 0 0
15 0 0 0 0
18 0 0 0 0
27 0 0 0 0
16 0 0 0 0
13 0 0 0 0
14 0 0 0 0
33 0 0 0 0
22 0 0 0 0
15 0 0 0 0
20 0 0 0 0
31 0 0 0 0
21 0 0 0 0
18 0 0 0 0
18 0 0 0 0
16 0 0 0 0
25 0 0 0 0
22 0 0 0 0
24 0 0 0 0
22 0 0 0 0
14 0 0 0 0
22 0 0 0 0
17 0 0 0 0
22 0 0 0 0
22 0 0 0 0
26 0 0 0 0
18 0 0 0 0
23 0 0 0 0
19 0 0 0 0
20 0 0 0 0
17 0 0 0 0
16 0 0 0 0
23 0 0 0 0
16 0 0 0 0
22 1 0 0 0
23 0 0 0 0
21 0 0 0 0
22 0 0 0 0
21 0 0 0 0
24 0 0 0 0
25 0 0 0 0
19 0 0 0 0
21 0 0 0 0
17 0 0 0 0
29 0 0 0 0
13 0 0 0 0
24 0 0 0 0
33 0 0 0 0
20 0 0 0 0
15 0 0 0 0
14 0 0 0 0
33 1 0 0 0
24 0 0 0 0
21 0 0 0 0
22 0 0 0 0
20 0 0 0 0
15 0 0 0 0
27 1 0 0 0
22 0 0 0 0
15 0 0 0 0
27 0 0 0 0
19 0 0 0 0
17 0 0 0 0
17 0 0 0 0
21 0 0 0 0
19 0 0 0 0
22 0 0 0 0
18 0 0 0 0
25 0 0 0 0
14 0 0 0 0
22 0 0 0 0
25 0 0 0 0
28 0 0 0 0
22 0 0 0 0
23 0 0 0 0
17 0 0 0 0
14 0 0 0 0
14 0 0 0 0
19 0 0 0 0
18 0 0 0 0
23 0 0 0 0
28 0 0 0 0
16 0 0 0 0
21 0 0 0 0
24 0 0 0 0
15 0 0 0 0
15 0 0 0 0
13 0 0 0 0
23 0 0 0 0
29 0 0 0 0
22 0 0 0 0
19 0 0 0 0
17 0 0 0 0
14 0 0 0 0
17 0 0 0 0
26 0 0 0 0
28 0 0 0 0
18 0 0 0 0
30 0 0 0 0
21 0 0 0 0
25 0 0 0 0
23 0 0 0 0
31 0 0 0 0
19 0 0 0 0
24 0 0 0 0
29 1 0 0 0
16 0 0 0 0
28 0 0 0 0
17 0 0 0 0
17 0 0 0 0
15 0 0 0 0
27 0 0 0 0
14 0 0 0 0
19 0 0 0 0
18 0 0 0 0
21 0 0 0 0
23 0 0 0 0
25 0 0 0 0
19 0 0 0 0
16 0 0 0 0
16 0 0 0 0
15 0 0 0 0
19 0 0 0 0
27 0 0 0 0
30 0 0 0 0
30 2 0 0 0
17 0 0 0 0
26 0 0 0 0
21 0 0 0 0
28 0 0 0 0
30 0 0 0 0
24 0 0 0 0
24 1 0 0 0
17 0 0 0 0
19 0 0 0 0
25 0 0 0 0
25 0 0 0 0
9 0 0 0 0
19 0 0 0 0
20 0 0 0 0
15 1 0 0 0
25 0 0 0 0
23 0 0 0 0
22 0 0 0 0
27 0 0 0 0
13 0 0 0 0
19 0 0 0 0
24 0 0 0 0
23 0 0 0 0
23 0 0 0 0
28 0 0 0 0
24 0 0 0 0
16 0 0 0 0
23 1 0 0 0
24 0 0 0 0
19 0 0 0 0
25 0 0 0 0
31 0 0 0 0
25 0 0 0 0
24 0 0 0 0
24 0 0 0 0
17 0 0 0 0
20 0 0 0 0
20 0 0 0 0
25 0 0 0 0
18 0 0 0 0
19 1 0 0 0
19 1 0 0 0
18 0 0 0 0
19 0 0 0 0
16 1 0 0 0
29 0 0 0 0
22 0 0 0 0
24 0 0 0 0
20 0 0 0 0
29 0 1 0 0
27 0 0 0 0
18 1 0 0 0
24 0 0 0 0
15 0 0 0 0
20 0 0 0 0
28 1 0 0 0
19 0 0 0 0
26 0 0 0 0
20 0 0 0 0
22 0 0 0 0
31 0 0 0 0
24 0 0 0 0
26 0 0 0 0
14 0 0 0 0
27 0 0 0 0
24 0 0 0 0
13 0 0 0 0
19 0 0 0 0
29 0 0 0 0
22 0 0 0 0
28 0 0 0 0
12 0 0 0 0
30 0 0 0 0
19 0 0 0 0
30 0 0 0 0
19 0 0 0 0
22 0 0 0 0
26 0 0 0 0
18 0 0 0 0
25 1 0 0 0
24 0 0 0 0
27 0 0 0 0
18 0 0 0 0
31 0 0 0 0
24 0 0 0 0
34 0 0 0 0
23 0 0 0 0
26 0 0 0 0
19 0 0 0 0
24 0 0 0 0
29 0 0 0 0
26 2 0 0 0
27 0 0 0 0
23 0 0 0 0
25 0 0 0 0
21 0 0 0 0
20 0 0 0 0
24 1 0 0 0
21 0 0 0 0
24 0 0 0 0
19 0 0 0 0
21 0 0 0 0
27 0 0 0 0
19 0 0 0 0
13 0 0 0 0
15 0 0 0 0
31 0 0 0 0
20 1 0 0 0
22 0 0 0 0
31 0 0 0 0
20 0 0 0 0
30 0 0 0 0
26 0 0 0 0
21 0 0 0 0
28 0 0 0 0
22 0 0 0 0
23 0 0 0 0
29 0 0 0 0
28 0 0 0 0
30 0 0 0 0
25 0 0 0 0
17 0 0 0 0
29 0 0 0 0
23 0 0 0 0
33 0 0 0 0
27 0 0 0 0
25 0 0 0 0
32 0 0 0 0
25 0 0 0 0
30 0 0 0 0
23 0 0 0 0
22 0 0 0 0
24 0 0 0 0
22 0 0 0 0
21 0 0 0 0
22 0 0 0 0
14 0 0 0 0
33 0 0 0 0
22 0 0 0 0
23 0 0 0 0
22 0 0 0 0
15 0 0 0 0
24 0 0 0 0
24 1 0 0 0
24 0 0 0 0
25 0 0 0 0
28 0 0 0 0
25 0 0 0 0
20 0 0 0 0
27 0 0 0 0
23 0 0 0 0
24 0 0 0 0
25 0 0 0 0
30 0 0 0 0
11 0 0 0 0
26 0 0 0 0
21 0 0 0 0
18 0 0 0 0
28 1 0 0 0
26 0 0 0 0
33 0 0 0 0
26 0 0 0 0
16 0 0 0 0
24 1 0 0 0
32 0 0 0 0
26 0 0 0 0
29 0 0 0 0
26 0 0 0 0
21 0 0 0 0
32 0 0 0 0
25 0 0 0 0
36 1 0 0 0
26 0 0 0 0
32 1 0 0 0
22 0 0 0 0
31 0 0 0 0
28 0 0 0 0
28 0 0 0 0
24 0 0 0 0
23 0 0 0 0
29 1 0 0 0
25 0 0 0 0
25 0 0 0 0
26 0 0 0 0
20 0 0 0 0
21 0 0 0 0
27 0 0 0 0
20 0 0 0 0
25 0 0 0 0
28 0 0 0 0
27 0 0 0 0
23 1 0 0 0
27 0 0 0 0
18 0 0 0 0
29 0 0 0 0
24 0 0 0 0
30 0 0 0 0
23 0 0 0 0
22 0 0 0 0
28 0 0 0 0
25 0 0 0 0
23 0 0 0 0
21 0 0 0 0
26 0 0 0 0
23 0 0 0 0
23 0 0 0 0
26 0 0 0 0
28 0 0 0 0
31 0 0 0 0
21 0 0 0 0
27 0 0 0 0
20 0 0 0 0
21 0 0 0 0
23 0 0 0 0
17 0 0 0 0
16 0 0 0 0
25 0 0 0 0
22 0 0 0 0
35 1 0 0 0
25 0 0 0 0
20 0 0 0 0
33 0 0 0 0
25 0 0 0 0
21 0 0 0 0
19 0 0 0 0
26 1 0 0 0
27 0 0 0 0
26 0 0 0 0
34 0 0 0 0
27 0 0 0 0
30 0 0 0 0
23 0 0 0 0
25 0 0 0 0
24 0 0 0 0
23 0 0 0 0
26 0 0 0 0
30 0 0 0 0
26 0 0 0 0
30 0 0 0 0
27 0 0 0 0
23 0 0 0 0
22 0 0 0 0
29 1 0 0 0
28 1 0 0 0
23 0 0 0 0
27 0 0 0 0
28 1 0 0 0
26 0 0 0 0
21 0 0 0 0
25 0 0 0 0
28 0 0 0 0
28 0 0 0 0
33 2 0 0 0
22 0 0 0 0
24 0 0 0 0
27 0 0 0 0
33 0 0 0 0
25 1 0 0 0
29 0 0 0 0
22 0 0 0 0
26 1 0 0 0
31 0 0 0 0
24 0 0 0 0
30 0 0 0 0
22 0 0 0 0
28 0 0 0 0
24 0 0 0 0
25 0 0 0 0
24 0 0 0 0
22 0 0 0 0
26 0 0 0 0
27 0 0 0 0
27 0 0 0 0
22 0 0 0 0
16 0 0 0 0
27 0 0 0 0
19 0 0 0 0
27 0 0 0 0
26 0 0 0 0
22 0 0 0 0
28 0 0 0 0
30 0 0 0 0
25 0 0 0 0
33 1 0 0 0
22 2 0 0 0
29 0 0 0 0
28 0 0 0 0
21 0 0 0 0
33 1 0 0 0
20 0 0 0 0
31 0 0 0 0
28 1 0 0 0
26 0 0 0 0
26 0 0 0 0
26 0 0 0 0
33 1 0 0 0
32 1 0 0 0
20 0 0 0 0
24 0 0 0 0
28 1 0 0 0
24 0 0 0 0
27 0 0 0 0
25 0 0 0 0
28 0 0 0 0
29 0 0 0 0
25 0 0 0 0
26 0 0 0 0
27 0 0 0 0
23 0 0 0 0
23 0 0 0 0
22 0 0 0 0
23 0 0 0 0
23 0 0 0 0
31 1 0 0 0
34 0 0 0 0
21 0 0 0 0
28 0 0 0 0
27 1 0 0 0
28 0 0 0 0
28 1 0 0 0
22 0 0 0 0
28 0 0 0 0
41 0 1 0 0
28 0 0 0 0
26 0 0 0 0
24 0 0 0 0
30 1 0 0 0
20 0 0 0 0
31 1 0 0 0
32 1 0 0 0
23 0 0 0 0
29 0 0 0 0
24 0 0 0 0
27 1 0 0 0
25 0 0 0 0
31 0 0 0 0
32 0 0 0 0
25 0 0 0 0
28 2 0 0 0
26 0 0 0 0
32 0 0 0 0
25 0 0 0 0
23 0 0 0 0
15 0 0 0 0
31 0 0 0 0
22 0 0 0 0
24 0 0 0 0
18 0 0 0 0
30 0 0 0 0
29 1 0 0 0
32 0 0 0 0
27 1 0 0 0
23 0 0 0 0
23 0 0 0 0
28 0 0 0 0
27 0 0 0 0
28 1 0 0 0
25 0 0 0 0
25 0 0 0 0
28 0 0 0 0
41 0 1 0 0
35 0 0 0 0
29 0 0 0 0
25 0 0 0 0
30 0 0 0 0
26 1 0 0 0
29 1 0 0 0
25 0 0 0 0
30 0 0 0 0
26 0 0 0 0
29 1 0 0 0
24 0 0 0 0
31 0 0 0 0
37 0 0 0 0
22 0 0 0 0
33 0 0 0 0
25 1 0 0 0
29 0 0 0 0
26 0 0 0 0
29 1 0 0 0
22 0 0 0 0
31 2 0 0 0
24 0 0 0 0
28 0 0 0 0
24 0 0 0 0
24 1 0 0 0
20 0 0 0 0
29 0 0 0 0
29 0 0 0 0
27 1 0 0 0
37 0 1 0 0
33 1 0 0 0
28 1 0 0 0
31 0 0 0 0
25 2 0 0 0
32 1 0 0 0
36 1 0 0 0
32 0 0 0 0
21 0 0 0 0
31 0 0 0 0
34 0 1 0 0
30 1 0 0 0
24 1 0 0 0
26 1 0 0 0
35 1 1 0 0
29 1 0 0 0
27 1 0 0 0
29 0 1 0 0
24 1 0 0 0
25 0 0 0 0
29 1 0 0 0
32 2 0 0 0
28 1 0 0 0
27 0 0 0 0
30 0 0 0 0
32 2 0 0 0
28 0 0 0 0
31 0 0 0 0
28 1 0 0 0
24 0 0 0 0
32 1 0 0 0
28 1 0 0 0
28 0 0 0 0
31 0 0 0 0
24 0 0 0 0
26 0 0 0 0
26 0 0 0 0
22 0 0 0 0
31 0 0 0 0
29 0 0 0 0
23 0 0 0 0
32 0 0 0 0
35 1 0 0 0
36 2 0 0 0
34 0 0 0 0
32 0 0 0 0
36 1 0 0 0
34 0 0 0 0
27 1 0 0 0
27 2 0 0 0
30 0 1 0 0
40 5 0 0 0
28 2 0 0 0
29 1 0 0 0
43 4 0 0 0
25 1 0 0 0
40 6 0 0 0
32 0 0 0 0
26 0 0 0 0
35 1 0 0 0
32 1 0 0 0
28 1 0 0 0
35 4 0 0 0
32 1 0 0 0
35 2 0 0 0
25 0 0 0 0
26 3 0 0 0
27 1 0 0 0
25 0 0 0 0
36 1 0 0 0
19 0 0 0 0
20 0 0 0 0
29 1 0 0 0
30 0 0 0 0
29 0 0 0 0
33 1 0 0 0
45 1 2 0 0
28 0 0 0 0
36 1 0 0 0
31 1 0 0 0
21 0 0 0 0
30 0 0 0 0
34 1 1 0 0
34 2 0 0 0
20 1 0 0 0
32 0 0 0 0
36 0 0 0 0
29 2 0 0 0
25 0 0 0 0
44 5 0 0 0
26 0 0 0 0
21 0 0 0 0
30 2 0 0 0
25 1 0 0 0
32 3 0 0 0
27 2 0 0 0
32 3 0 0 0
27 1 0 0 0
28 0 0 0 0
32 1 0 0 0
25 2 0 0 0
25 0 0 0 0
19 1 0 0 0
23 0 0 0 0
27 2 0 0 0
32 1 0 0 0
36 1 0 0 0
28 2 0 0 0
45 7 0 0 1
33 1 0 0 0
40 4 0 0 0
28 1 0 0 0
26 2 0 0 0
27 1 0 0 0
36 1 0 0 0
32 3 0 0 0
38 1 0 0 0
29 1 0 0 0
28 0 0 0 0
33 0 0 0 0
28 0 0 0 0
31 0 0 0 0
41 3 0 0 0
33 1 1 0 0
35 1 0 0 0
28 0 0 0 0
38 0 0 0 0
34 2 0 0 0
28 0 0 0 0
26 1 0 0 0
36 0 0 0 0
33 0 0 0 0
37 2 0 0 0
29 2 0 0 0
32 0 0 0 0
35 1 0 0 0
39 2 0 0 0
27 0 0 0 0
26 1 0 0 0
29 0 0 0 0
47 5 1 0 0
51 11 0 0 0
28 1 0 0 0
38 3 0 0 0
30 1 0 0 0
27 0 0 0 0
19 0 0 1 0
44 6 0 0 0
25 0 0 0 0
42 4 1 0 0
29 1 0 0 0
26 1 0 0 0
37 2 1 0 0
26 1 0 0 0
31 0 0 0 0
29 1 0 0 0
33 0 0 0 0
29 2 0 0 0
40 1 2 0 0
43 5 1 0 0
23 0 0 0 0
27 2 0 0 0
28 0 1 0 0
30 3 0 0 0
36 3 0 0 0
29 1 0 0 0
34 3 0 0 0
33 0 0 0 0
32 3 0 0 0
27 0 0 0 0
31 2 0 0 0
34 5 0 0 0
36 3 1 0 0
42 4 0 0 0
31 0 0 0 0
36 1 0 0 0
35 2 0 0 0
36 3 0 0 0
32 0 0 0 0
38 8 0 0 0
56 14 2 0 0
29 2 0 0 0
32 3 0 0 0
45 3 1 0 0
28 2 0 0 0
37 3 1 0 0
40 7 0 0 0
42 4 0 0 0
27 2 0 0 0
26 1 0 0 0
33 3 0 0 0
33 1 0 0 0
34 2 0 0 0
40 6 0 0 0
32 6 0 0 0
26 2 0 0 0
30 1 1 0 0
54 12 1 0 0
28 2 0 0 0
50 10 2 0 0
33 1 0 0 0
29 2 0 0 0
28 1 0 0 0
28 0 0 0 0
32 0 0 0 0
34 2 0 0 0
44 6 2 0 0
25 0 0 0 0
46 3 1 0 0
35 3 0 0 0
36 2 0 0 0
29 0 0 0 0
34 3 0 0 0
39 2 0 0 0
38 0 1 0 0
52 7 1 0 0
38 3 0 0 0
42 1 1 0 0
46 6 0 0 0
35 2 0 0 0
34 0 0 0 0
46 4 1 0 0
35 0 0 0 0
36 5 0 0 0
39 2 1 0 0
37 6 0 0 0
36 3 0 0 0
33 2 0 0 0
38 2 0 0 0
36 2 0 0 0
64 7 4 0 0
37 0 1 0 0
34 4 0 0 0
44 3 0 0 0
26 1 0 0 0
44 3 1 0 0
45 6 0 0 0
28 0 0 0 0
32 0 0 0 0
26 1 0 0 0
30 1 0 0 0
28 3 0 0 0
50 9 0 0 0
24 0 0 0 0
34 3 0 0 0
33 1 0 0 0
34 0 0 0 0
49 11 0 0 0
31 0 0 0 0
32 1 0 0 0
39 2 0 0 0
32 0 0 0 0
41 4 0 0 0
31 0 0 0 0
43 4 0 0 0
45 3 2 0 0
32 0 0 0 0
31 1 0 0 0
39 0 0 1 0
46 5 2 0 0
46 3 2 0 0
44 1 1 0 0
36 3 0 0 0
38 3 0 0 0
52 7 2 0 0
48 5 2 0 0
41 4 0 0 0
43 3 0 0 0
39 4 0 0 0
43 3 1 0 0
33 2 0 0 0
38 3 0 0 0
38 2 0 0 0
43 7 0 0 0
35 3 0 0 0
39 3 0 0 0
44 5 0 0 0
61 9 2 0 0
47 3 0 1 0
38 3 0 0 0
37 1 0 0 0
32 2 0 0 0
36 2 0 0 0
33 1 0 0 0
33 0 0 0 0
37 3 0 0 0
42 4 0 0 0
33 2 0 0 0
41 1 0 0 0
36 5 0 0 0
36 0 0 0 0
36 1 0 0 0
40 3 0 0 0
39 3 0 0 0
38 2 1 0 0
37 3 0 0 0
39 1 0 0 0
36 1 0 0 0
27 0 0 0 0
28 1 0 0 0
33 0 0 0 0
28 1 0 0 0
40 3 0 0 0
41 6 0 0 0
39 3 0 0 0
47 7 0 0 0
39 2 0 0 0
47 8 0 0 0
52 10 1 0 0
35 0 0 0 0
36 0 0 0 0
41 3 0 0 0
37 3 0 0 0
32 0 0 0 0
38 1 0 0 0
39 4 0 0 0
36 1 0 0 0
36 2 0 0 0
33 0 0 0 0
43 2 0 0 0
40 1 0 0 0
35 2 0 0 0
37 3 0 0 0
37 1 0 0 0
37 4 0 0 0
54 9 0 1 0
36 0 0 0 0
42 0 1 0 0
39 3 0 0 0
36 2 0 0 0
37 1 0 0 0
46 4 1 0 0
33 1 0 0 0
37 2 1 0 0
34 1 0 0 0
28 0 0 0 0
38 1 0 0 0
31 0 0 0 0
39 3 0 0 0
46 4 1 0 1
48 6 1 0 0
52 11 0 0 0
49 4 2 0 0
36 3 1 0 0
43 4 0 0 0
40 4 0 0 0
32 1 0 0 0
42 2 0 0 0
48 1 0 1 0
37 0 0 0 0
32 1 0 0 0
40 2 0 0 0
39 1 0 0 0
41 2 0 0 0
32 0 0 0 0
32 0 0 0 0
41 3 0 0 0
47 4 1 0 0
39 1 2 0 0
43 3 1 0 0
38 2 0 0 0
52 9 0 0 0
26 0 0 0 0
37 4 0 0 0
38 2 0 0 0
35 0 0 0 0
30 1 0 0 0
37 0 0 0 0
39 2 0 0 0
36 1 0 0 0
37 3 0 0 0
41 4 0 0 0
35 0 0 0 0
36 4 1 0 0
42 3 0 0 0
42 4 0 0 0
51 4 1 1 0
53 4 3 0 0
45 2 2 0 0
35 3 0 0 0
37 3 0 0 0
34 1 0 0 0
35 1 0 0 0
31 1 0 0 0
34 0 0 0 0
26 0 0 0 0
28 0 0 0 0
35 3 0 0 0
36 1 0 0 0
38 2 1 0 0
41 3 0 0 0
44 4 0 0 0
56 9 1 0 0
77 16 3 1 0
46 4 0 1 0
43 4 1 0 0
42 4 0 0 0
42 6 0 0 0
41 5 0 0 0
55 7 2 0 0
44 6 1 0 0
48 6 1 0 0
41 4 0 0 0
37 3 0 0 0
55 9 1 0 0
51 7 2 0 0
46 4 1 0 0
52 7 1 0 0
64 11 3 0 0
48 7 1 0 0
54 11 0 0 0
43 6 0 0 0
47 5 1 0 0
36 1 0 0 0
37 2 0 0 0
61 11 3 0 0
47 4 1 0 0
43 3 0 0 0
33 2 0 0 0
61 11 2 0 0
61 10 1 1 0
46 3 0 1 0
59 14 1 0 0
122 21 10 2 0
68 17 2 0 0
41 2 1 0 0
44 6 1 0 0
39 2 0 0 0
35 0 0 0 0
45 3 1 0 0
38 1 0 0 0
39 3 0 0 0
39 1 0 0 0
44 6 0 0 0
49 7 2 0 0
29 0 0 0 0
44 6 0 0 0
69 18 2 0 0
46 3 1 0 0
62 10 3 0 0
51 10 1 0 0
105 23 3 4 0
46 7 0 0 0
81 18 2 1 0
34 3 0 0 0
54 7 0 1 0
47 6 0 1 0
31 0 0 0 0
38 1 1 0 0
38 1 0 0 0
34 1 0 0 0
31 0 0 0 0
36 1 0 0 0
40 5 1 0 0
47 3 1 0 0
37 1 0 0 0
33 0 0 0 0
65 8 1 2 0
45 6 1 0 0
84 14 7 0 0
46 5 1 0 0
159 33 12 1 2
61 6 2 1 0
51 3 2 1 0
124 36 10 0 0
38 2 1 0 0
47 3 2 0 0
49 8 1 0 0
80 19 4 0 0
46 2 2 0 1
36 3 0 0 0
47 1 2 0 0
32 0 0 0 0
32 0 0 0 0
38 2 0 0 0
36 0 0 0 0
29 0 0 0 0
50 3 2 0 0
51 6 1 0 0
54 7 3 0 0
52 6 1 0 1
65 10 3 0 0
105 24 6 1 0
131 30 7 3 0
35 1 0 0 0
35 0 0 0 0
33 0 0 0 0
36 2 0 0 0
34 1 0 0 0
40 1 0 0 0
37 1 0 0 0
29 0 0 0 0
35 3 0 0 0
34 1 0 0 0
39 1 1 0 0
42 4 0 0 0
37 2 0 0 0
46 2 2 0 0
72 10 2 1 1
268 69 17 7 1
190 56 10 3 1
123 40 7 0 0
253 77 13 5 2
143 36 13 1 0
47 1 2 0 0
23 0 0 0 0
37 0 0 0 0
32 1 0 0 0
29 1 0 0 0
35 0 0 0 0
32 0 0 0 0
30 0 0 0 0
32 1 0 0 0
36 1 0 0 0
31 0 0 0 0
141 37 11 1 0
67 11 3 0 0
201 54 15 1 2
159 28 13 3 1
115 12 5 2 3
79 17 2 3 0
79 8 5 0 1
35 2 0 0 0
38 0 0 0 0
31 0 0 0 0
43 3 0 0 0
28 0 0 0 0
25 0 0 0 0
16 0 0 0 0
26 0 0 0 0
33 0 0 0 0
28 0 0 0 0
33 0 0 0 0
29 0 0 0 0
36 0 0 0 0
32 0 0 0 0
36 0 1 0 0
38 2 0 0 0
27 0 0 0 0
34 1 0 0 0
34 0 0 0 0
38 0 0 0 0
43 1 2 0 0
31 0 0 0 0
36 0 0 0 0
34 3 0 0 0
33 0 0 0 0
35 2 0 0 0
36 0 0 0 0
35 0 1 0 0
37 2 1 0 0
36 0 1 0 0
55 5 2 0 0
32 0 0 0 0
41 0 1 0 0
29 0 0 0 0
33 1 0 0 0
33 1 0 0 0
25 0 0 0 0
32 1 0 0 0
33 1 0 0 0
39 1 0 0 0
39 3 1 0 0
49 3 2 0 0
130 16 9 3 2
235 40 12 8 4
83 12 4 2 0
55 8 1 0 0
31 1 0 0 0
31 0 0 0 0
44 0 1 0 0
38 1 0 0 0
40 1 0 0 0
33 0 0 0 0
42 1 0 0 0
42 2 1 0 0
35 0 1 0 0
41 1 1 0 0
38 3 0 0 0
40 2 0 0 0
39 3 0 0 0
37 4 0 0 0
67 10 2 1 0
47 3 2 0 0
260 35 14 5 9
72 18 2 0 0
153 21 10 3 3
53 6 1 0 0
64 4 5 0 0
97 9 3 4 1
46 5 0 0 0
37 0 0 0 0
39 0 0 0 0
33 0 1 0 0
58 9 1 0 0
40 4 0 0 0
39 1 0 0 0
40 0 2 0 0
36 3 0 0 0
54 7 2 0 0
141 15 6 5 3
54 6 2 0 0
45 6 0 0 0
34 1 0 0 0
48 3 2 0 0
40 1 0 0 0
35 0 1 0 0
35 0 0 0 0
31 0 0 0 0
31 0 0 0 0
34 0 0 0 0
37 0 0 0 0
42 1 1 0 0
52 9 0 0 0
1439 265 111 50 26
4228 844 344 104 97
65 10 3 0 0
40 1 0 0 0
34 0 0 0 0
29 0 0 0 0
46 0 1 0 0
28 0 0 0 0
26 0 0 0 0
24 0 0 0 0
30 0 0 0 0
25 0 0 0 0
30 0 0 0 0
28 0 0 0 0
24 0 0 0 0
25 0 0 0 0
31 0 0 0 0
25 0 0 0 0
25 0 0 0 0
27 0 0 0 0
28 0 0 0 0
30 0 0 0 0
28 0 0 0 0
22 0 0 0 0
29 0 0 0 0
31 0 0 0 0
31 0 0 0 0
31 1 0 0 0
33 0 0 0 0
32 1 0 0 0
34 0 0 0 0
33 1 0 0 0
36 0 0 0 0
34 0 0 0 0
30 0 0 0 0
38 0 0 0 0
43 2 0 0 0
41 2 0 0 0
33 0 0 0 0
33 0 0 0 0
36 0 0 0 0
30 1 0 0 0
38 0 0 0 0
32 0 0 0 0
37 0 0 0 0
35 0 0 0 0
34 0 0 0 0
33 0 0 0 0
39 0 0 0 0
41 2 1 0 0
35 0 0 0 0
33 0 0 0 0
36 1 0 0 0
32 0 0 0 0
30 0 0 0 0
38 0 0 0 0
34 0 0 0 0
35 1 0 0 0
34 1 0 0 0
37 0 0 0 0
33 0 0 0 0
52 9 0 0 0
32 2 0 0 0
34 1 0 0 0
37 0 0 0 0
33 1 0 0 0
34 1 0 0 0
39 3 0 0 0
33 0 0 0 0
36 3 0 0 0
37 1 0 0 0
31 0 0 0 0
30 0 0 0 0
33 0 0 0 0
31 0 0 0 0
33 0 0 0 0
34 2 0 0 0
34 4 0 0 0
44 4 0 0 0
47 6 0 0 0
62 10 3 0 0
76 13 5 0 0
85 7 4 3 0
321 57 25 4 8
401 116 37 5 1
95 13 3 5 0
63 8 3 1 0
51 7 0 0 0
44 2 1 0 0
43 1 0 0 0
34 0 0 0 0
40 0 0 0 0
36 0 0 0 0
31 0 0 0 0
38 0 0 0 0
36 0 0 0 0
34 0 0 0 0
35 0 0 0 0
36 2 0 0 0
36 0 0 0 0
44 2 1 0 0
51 8 1 0 0
54 10 0 0 0
48 7 0 0 0
73 5 5 1 0
73 10 1 1 1
53 5 2 0 0
41 5 0 0 0
42 3 0 0 0
47 1 2 0 0
44 3 1 0 0
45 4 0 0 0
42 2 0 0 0
43 5 0 0 0
37 2 0 0 0
46 8 0 0 0
48 4 1 0 0
35 0 0 0 0
47 4 1 0 0
39 5 0 0 0
53 10 1 0 0
90 24 4 0 0
35 1 0 0 0
60 5 2 1 1
45 5 0 0 0
43 4 0 0 0
44 3 0 0 0
60 10 2 0 0
51 3 1 1 0
44 3 0 0 0
49 5 1 0 0
46 9 1 0 0
46 5 0 0 0
35 1 0 0 0
46 5 1 0 0
37 0 0 0 0
31 0 0 0 0
53 7 1 0 0
45 4 1 0 0
49 7 0 0 0
47 9 0 0 0
43 4 0 0 0
45 1 1 0 0
60 9 3 0 0
90 13 2 2 1
99 14 5 0 2
265 91 15 3 1
203 63 12 3 0
128 44 4 1 0
68 12 3 0 0
306 113 14 6 0
192 73 9 0 1
169 51 10 2 0
702 184 47 17 10
130 24 6 2 2
54 6 2 0 0
43 3 0 0 0
40 1 0 0 0
38 1 0 0 0
37 0 0 0 0
26 0 0 0 0
49 5 1 0 0
32 0 0 0 0
34 1 0 0 0
31 0 0 0 0
30 0 0 0 0
39 1 0 0 0
33 0 0 0 0
36 0 0 0 0
36 0 1 0 0
35 0 0 0 0
38 1 0 0 0
29 0 0 0 0
69 7 3 1 0
39 3 0 0 0
43 4 1 0 0
44 4 0 0 0
31 0 0 0 0
32 0 0 0 0
45 3 0 0 0
36 0 0 0 0
39 2 1 0 0
38 2 0 0 0
33 1 0 0 0
35 0 0 0 0
38 0 0 0 0
41 2 0 0 0
41 2 0 0 0
46 5 1 0 0
43 0 2 0 0
38 2 1 0 0
38 2 0 0 0
38 0 1 0 0
36 2 0 0 0
41 3 1 0 0
38 4 0 0 0
315 56 22 6 7
1268 209 109 34 29
623 129 50 15 11
313 35 25 6 9
1288 239 86 44 29
472 68 30 15 13
410 83 23 9 11
106 13 6 1 2
43 3 0 0 0
46 1 1 0 0
36 2 0 0 0
43 3 0 0 0
48 7 0 0 0
40 1 0 0 0
37 0 0 0 0
37 2 0 0 0
46 5 0 0 0
41 1 0 0 0
38 0 0 0 0
44 4 0 0 0
70 7 5 0 0
91 15 5 2 0
123 17 7 4 1
178 46 11 3 1
114 28 5 2 0
209 76 12 0 1
233 86 13 2 0
116 29 6 0 1
126 23 8 3 0
80 19 3 0 0
141 49 8 0 0
86 18 3 1 0
60 11 2 0 0
71 12 2 1 0
63 9 3 0 0
46 6 0 0 0
61 5 2 1 0
44 1 1 0 0
48 4 1 0 0
53 4 2 0 0
46 5 0 0 0
38 0 0 0 0
38 1 0 0 0
43 2 0 0 0
40 2 0 0 0
45 3 1 0 0
63 13 1 0 0
54 5 2 0 0
47 1 2 0 0
68 13 3 0 0
59 7 3 0 0
144 40 8 2 0
188 54 10 0 3
238 88 15 1 0
174 60 8 2 0
107 29 4 1 0
167 47 13 1 0
77 18 2 0 0
56 7 2 0 0
41 3 0 0 0
43 3 0 0 0
42 2 0 0 0
45 7 0 0 0
37 3 0 0 0
43 3 0 0 0
38 1 0 0 0
48 2 2 0 0
46 6 0 0 0
54 5 1 1 0
289 79 16 6 3
137 51 4 1 0
581 237 38 3 2
535 223 33 2 2
379 148 19 5 1
295 130 13 1 0
327 118 22 2 1
538 201 32 11 0
71 9 5 0 0
35 2 0 0 0
39 3 0 0 0
43 2 0 0 0
32 0 0 0 0
38 0 0 0 0
34 0 0 0 0
36 0 0 0 0
37 1 0 0 0
39 2 0 0 0
42 4 0 0 0
36 1 0 0 0
42 6 0 0 0
39 2 0 0 0
94 12 6 2 0
90 19 5 1 0
64 3 3 0 1
496 119 26 13 10
81 9 2 3 0
161 37 8 4 1
71 7 2 2 0
37 3 0 0 0
53 9 0 0 0
49 4 0 1 0
54 4 2 0 0
45 2 1 0 0
44 4 1 0 0
42 2 0 0 0
37 0 0 0 0
37 0 0 0 0
35 1 0 0 0
43 3 0 0 0
44 5 0 0 0
50 6 1 0 0
45 5 0 0 0
47 3 1 0 0
54 3 2 0 0
61 7 0 2 0
39 1 1 0 0
72 13 2 1 0
38 1 0 0 0
38 0 0 0 0
37 1 0 0 0
43 3 0 0 0
42 2 0 0 0
38 0 0 0 0
38 0 0 0 0
32 0 0 0 0
41 1 0 0 0
43 2 1 0 0
56 7 1 0 0
39 4 0 0 0
33 0 0 0 0
66 4 3 0 1
132 19 11 2 1
51 8 0 0 0
64 10 1 1 0
42 5 0 0 0
53 6 2 0 0
74 11 2 0 1
40 3 0 0 0
41 3 0 0 0
42 4 0 0 0
37 1 0 0 0
41 2 0 0 0
51 4 1 0 0
44 4 1 0 0
25 0 0 0 0
39 1 0 0 0
35 0 0 0 0
39 0 1 0 0
37 0 0 0 0
39 1 0 0 0
51 3 0 1 0
42 3 0 0 0
50 6 1 0 0
52 4 0 1 0
64 6 2 0 1
58 8 2 0 0
83 14 2 1 1
58 8 3 0 0
44 5 0 0 0
48 5 2 0 0
41 2 0 0 0
40 3 0 0 0
46 5 0 0 0
67 3 2 1 1
41 4 0 0 0
50 3 1 1 0
53 7 1 0 0
122 21 6 4 0
41 3 0 0 0
42 1 0 0 0
56 8 2 0 0
49 7 0 0 0
36 1 0 0 0
72 8 3 0 1
79 5 3 3 0
71 8 2 1 1
249 57 22 4 1
509 153 46 9 0
274 87 20 2 1
565 212 34 10 1
126 33 4 2 1
190 49 8 6 1
134 41 7 1 0
221 63 20 0 1
58 5 3 0 0
