35 3 0 0 0
34 0 0 0 0
32 0 0 0 0
31 0 0 0 0
30 1 0 0 0
34 1 0 0 0
31 0 0 0 0
33 1 0 0 0
35 0 0 0 0
34 1 0 0 0
36 2 0 0 0
34 1 0 0 0
31 0 0 0 0
34 0 0 0 0
29 1 0 0 0
29 0 0 0 0
35 2 0 0 0
32 1 0 0 0
36 2 0 0 0
33 1 0 0 0
30 1 0 0 0
25 0 0 0 0
28 1 0 0 0
33 0 0 0 0
33 1 0 0 0
31 0 0 0 0
37 2 0 0 0
32 0 0 0 0
30 0 0 0 0
28 0 0 0 0
30 0 0 0 0
30 0 0 0 0
28 1 0 0 0
35 0 1 0 0
30 0 0 0 0
30 1 0 0 0
30 0 0 0 0
30 1 0 0 0
35 1 0 0 0
35 0 0 0 0
29 0 0 0 0
36 2 0 0 0
40 3 0 0 0
33 2 0 0 0
35 2 0 0 0
34 0 0 0 0
34 0 0 0 0
31 1 0 0 0
33 0 0 0 0
31 0 0 0 0
32 1 0 0 0
31 1 0 0 0
34 2 0 0 0
35 1 0 0 0
32 1 0 0 0
31 0 0 0 0
36 2 0 0 0
34 2 0 0 0
32 0 0 0 0
34 0 0 0 0
34 0 0 0 0
34 1 0 0 0
34 0 0 0 0
28 0 0 0 0
36 3 0 0 0
34 1 0 0 0
34 1 0 0 0
39 1 0 0 0
31 1 0 0 0
25 0 0 0 0
33 0 0 0 0
31 0 0 0 0
36 2 0 0 0
33 0 0 0 0
31 0 0 0 0
29 0 0 0 0
34 1 0 0 0
29 0 0 0 0
34 2 0 0 0
31 1 0 0 0
34 1 0 0 0
34 1 0 0 0
39 2 0 0 0
35 0 0 0 0
33 1 0 0 0
32 0 0 0 0
32 1 0 0 0
29 0 0 0 0
31 0 0 0 0
33 1 0 0 0
35 0 0 0 0
34 2 0 0 0
26 1 0 0 0
31 1 0 0 0
33 0 0 0 0
37 2 0 0 0
32 0 0 0 0
31 0 0 0 0
29 0 0 0 0
37 1 0 0 0
34 0 0 0 0
34 1 0 0 0
32 0 0 0 0
32 0 0 0 0
30 0 0 0 0
33 0 1 0 0
33 0 0 0 0
31 0 0 0 0
34 1 0 0 0
27 0 0 0 0
31 0 0 0 0
37 2 0 0 0
33 0 0 0 0
35 3 0 0 0
30 0 0 0 0
27 0 0 0 0
30 0 0 0 0
31 1 0 0 0
28 0 0 0 0
26 1 0 0 0
30 0 0 0 0
33 1 0 0 0
30 1 0 0 0
31 1 0 0 0
30 0 0 0 0
32 1 0 0 0
36 3 0 0 0
30 0 0 0 0
30 1 0 0 0
28 0 0 0 0
30 2 0 0 0
34 2 0 0 0
32 1 0 0 0
27 0 0 0 0
29 0 0 0 0
31 2 0 0 0
26 0 0 0 0
33 0 0 0 0
33 1 0 0 0
26 0 0 0 0
32 1 0 0 0
32 1 0 0 0
27 0 0 0 0
29 0 0 0 0
26 1 0 0 0
31 0 0 0 0
27 0 0 0 0
26 1 0 0 0
26 0 0 0 0
35 1 0 0 0
25 0 0 0 0
36 2 0 0 0
21 0 0 0 0
27 1 0 0 0
28 2 0 0 0
34 0 1 0 0
33 2 0 0 0
28 0 0 0 0
23 0 0 0 0
32 0 0 0 0
31 0 0 0 0
33 0 0 0 0
29 0 0 0 0
31 0 0 0 0
23 0 0 0 0
26 1 0 0 0
34 3 0 0 0
32 0 0 0 0
30 0 0 0 0
34 1 0 0 0
28 0 0 0 0
24 0 0 0 0
34 0 0 0 0
32 0 0 0 0
29 0 0 0 0
33 0 0 0 0
32 0 0 0 0
33 1 0 0 0
32 0 0 0 0
30 2 0 0 0
30 0 0 0 0
32 0 0 0 0
33 1 0 0 0
34 1 0 0 0
30 0 0 0 0
31 2 0 0 0
34 1 0 0 0
36 1 0 0 0
35 0 1 0 0
34 1 0 0 0
30 1 0 0 0
32 1 0 0 0
31 1 0 0 0
30 0 0 0 0
31 0 0 0 0
33 1 0 0 0
28 0 0 0 0
32 1 0 0 0
32 0 0 0 0
28 0 0 0 0
34 1 0 0 0
33 2 0 0 0
32 1 0 0 0
35 0 0 0 0
31 1 0 0 0
32 1 0 0 0
35 1 0 0 0
28 1 0 0 0
31 1 0 0 0
29 0 0 0 0
32 1 0 0 0
36 2 0 0 0
33 1 0 0 0
32 3 0 0 0
32 0 0 0 0
31 1 0 0 0
31 1 0 0 0
33 1 0 0 0
34 2 0 0 0
34 2 0 0 0
35 2 0 0 0
35 0 1 0 0
35 2 0 0 0
27 2 0 0 0
28 0 0 0 0
30 1 0 0 0
38 3 0 0 0
32 1 0 0 0
27 0 0 0 0
26 1 0 0 0
33 1 0 0 0
34 2 0 0 0
33 0 0 0 0
29 0 0 0 0
28 1 0 0 0
27 0 0 0 0
23 0 0 0 0
30 1 0 0 0
32 0 0 0 0
31 1 0 0 0
28 1 0 0 0
32 1 0 0 0
33 2 0 0 0
26 1 0 0 0
26 0 0 0 0
36 2 0 0 0
32 0 0 0 0
35 0 0 0 0
33 0 0 0 0
27 1 0 0 0
33 2 0 0 0
32 1 0 0 0
28 0 0 0 0
34 1 0 0 0
28 0 0 0 0
26 0 0 0 0
29 0 0 0 0
30 1 0 0 0
26 0 0 0 0
37 2 0 0 0
30 0 0 0 0
37 0 1 0 0
32 1 0 0 0
31 0 0 0 0
30 1 0 0 0
32 2 0 0 0
30 0 0 0 0
33 0 0 0 0
27 0 0 0 0
28 0 0 0 0
31 1 0 0 0
40 2 1 0 0
32 2 0 0 0
31 0 0 0 0
32 1 0 0 0
33 0 0 0 0
37 0 0 0 0
32 1 0 0 0
32 1 0 0 0
34 1 0 0 0
31 0 0 0 0
36 2 0 0 0
29 1 0 0 0
36 1 0 0 0
32 1 0 0 0
33 0 0 0 0
35 0 0 0 0
33 0 0 0 0
31 1 0 0 0
34 2 0 0 0
32 1 0 0 0
31 0 0 0 0
30 1 0 0 0
35 2 0 0 0
30 0 0 0 0
33 1 0 0 0
35 1 0 0 0
34 1 0 0 0
32 1 0 0 0
30 0 0 0 0
39 2 1 0 0
32 0 0 0 0
33 0 0 0 0
32 1 0 0 0
31 1 0 0 0
35 0 0 0 0
31 0 0 0 0
35 1 0 0 0
34 1 0 0 0
31 0 0 0 0
35 1 0 0 0
36 1 0 0 0
31 0 0 0 0
34 0 0 0 0
33 1 0 0 0
29 0 0 0 0
31 1 0 0 0
30 0 0 0 0
33 0 0 0 0
30 0 0 0 0
29 0 0 0 0
30 0 0 0 0
30 0 0 0 0
27 0 0 0 0
32 0 0 0 0
33 1 0 0 0
32 1 0 0 0
35 0 0 0 0
34 1 0 0 0
30 0 0 0 0
30 0 0 0 0
30 0 0 0 0
32 0 0 0 0
31 0 0 0 0
31 0 0 0 0
30 0 0 0 0
33 2 0 0 0
31 0 0 0 0
30 0 0 0 0
30 3 0 0 0
28 1 0 0 0
31 1 0 0 0
27 0 0 0 0
30 1 0 0 0
22 0 0 0 0
27 0 0 0 0
26 0 0 0 0
24 0 0 0 0
27 0 0 0 0
30 1 0 0 0
24 0 0 0 0
26 0 0 0 0
28 0 0 0 0
34 1 0 0 0
30 0 0 0 0
39 3 0 0 0
35 1 0 0 0
25 1 0 0 0
27 0 0 0 0
30 0 0 0 0
33 2 0 0 0
37 1 0 0 0
30 0 0 0 0
26 0 0 0 0
31 1 0 0 0
32 1 0 0 0
33 0 0 0 0
31 1 0 0 0
35 1 0 0 0
34 2 0 0 0
36 4 0 0 0
32 1 0 0 0
33 1 0 0 0
31 0 0 0 0
37 1 0 0 0
36 2 0 0 0
33 1 0 0 0
35 1 0 0 0
33 1 0 0 0
29 1 0 0 0
33 0 0 0 0
32 0 0 0 0
32 2 0 0 0
32 1 0 0 0
30 0 0 0 0
28 0 0 0 0
28 0 0 0 0
29 1 0 0 0
30 0 0 0 0
30 1 0 0 0
30 2 0 0 0
31 1 0 0 0
33 2 0 0 0
32 1 0 0 0
33 1 0 0 0
30 0 0 0 0
28 0 0 0 0
33 2 0 0 0
31 2 0 0 0
27 0 0 0 0
29 1 0 0 0
26 0 0 0 0
31 1 0 0 0
34 2 0 0 0
29 0 0 0 0
28 1 0 0 0
25 0 0 0 0
36 0 1 0 0
33 1 0 0 0
25 0 0 0 0
39 2 0 0 0
28 1 0 0 0
33 0 0 0 0
33 1 0 0 0
29 2 0 0 0
29 0 0 0 0
30 0 0 0 0
30 0 0 0 0
30 0 0 0 0
34 1 0 0 0
35 2 0 0 0
33 0 0 0 0
36 1 1 0 0
35 1 0 0 0
29 1 0 0 0
32 0 0 0 0
30 1 0 0 0
35 1 0 0 0
32 0 0 0 0
26 1 0 0 0
30 0 0 0 0
32 1 0 0 0
29 3 0 0 0
26 2 0 0 0
32 1 0 0 0
34 2 0 0 0
32 0 0 0 0
36 1 0 0 0
31 0 0 0 0
27 0 0 0 0
31 0 0 0 0
33 1 0 0 0
32 1 0 0 0
31 1 0 0 0
32 0 0 0 0
31 0 0 0 0
28 0 0 0 0
23 1 0 0 0
27 2 0 0 0
25 0 0 0 0
30 1 0 0 0
30 1 0 0 0
21 0 0 0 0
27 0 0 0 0
28 0 0 0 0
27 0 0 0 0
23 0 0 0 0
33 1 0 0 0
29 1 0 0 0
31 0 0 0 0
33 0 0 0 0
35 0 1 0 0
36 1 0 0 0
33 1 0 0 0
27 0 0 0 0
38 2 0 0 0
34 0 0 0 0
36 2 0 0 0
33 0 0 0 0
33 2 0 0 0
30 1 0 0 0
34 1 0 0 0
30 1 0 0 0
24 1 0 0 0
35 1 0 0 0
35 3 0 0 0
29 0 0 0 0
31 1 0 0 0
35 1 0 0 0
34 0 0 0 0
35 1 0 0 0
30 0 0 0 0
34 0 0 0 0
34 0 0 0 0
34 0 0 0 0
31 1 0 0 0
30 0 0 0 0
27 0 0 0 0
37 4 0 0 0
29 0 0 0 0
30 0 0 0 0
36 0 0 0 0
31 0 0 0 0
34 2 0 0 0
28 0 0 0 0
29 0 0 0 0
31 2 0 0 0
32 0 0 0 0
31 2 0 0 0
28 1 0 0 0
26 0 0 0 0
33 0 0 0 0
31 0 0 0 0
29 1 0 0 0
31 1 0 0 0
32 1 0 0 0
30 0 0 0 0
32 1 0 0 0
32 1 0 0 0
32 1 0 0 0
30 0 0 0 0
35 1 0 0 0
32 1 0 0 0
29 0 0 0 0
31 0 0 0 0
36 2 0 0 0
34 0 0 0 0
33 1 0 0 0
29 1 0 0 0
35 0 0 0 0
32 3 0 0 0
30 2 0 0 0
32 2 0 0 0
29 1 0 0 0
18 0 0 0 0
28 0 0 0 0
36 1 0 0 0
29 1 0 0 0
26 1 0 0 0
25 1 0 0 0
28 0 0 0 0
32 0 0 0 0
28 0 0 0 0
35 0 0 0 0
31 1 0 0 0
31 1 0 0 0
31 0 0 0 0
34 0 0 0 0
28 2 0 0 0
34 1 0 0 0
33 1 0 0 0
36 1 0 0 0
25 0 0 0 0
20 0 0 0 0
33 0 1 0 0
27 1 0 0 0
24 1 0 0 0
31 1 0 0 0
31 1 2 0 0
33 0 0 0 0
28 1 0 0 0
33 1 0 0 0
32 1 0 0 0
28 0 0 0 0
31 0 0 0 0
30 0 0 0 0
34 1 0 0 0
31 1 0 0 0
35 2 1 0 0
33 0 0 0 0
40 3 1 0 0
32 0 0 0 0
31 1 0 0 0
35 0 0 0 0
33 0 0 0 0
32 0 0 0 0
32 1 0 0 0
35 1 0 0 0
32 0 0 0 0
33 0 0 0 0
31 1 0 0 0
31 0 0 0 0
29 1 0 0 0
31 0 0 0 0
27 0 0 0 0
30 0 0 0 0
33 0 0 0 0
34 1 0 0 0
33 0 0 0 0
36 0 1 0 0
33 0 0 0 0
28 0 0 0 0
28 0 0 0 0
28 0 0 0 0
32 0 0 0 0
38 3 0 0 0
25 0 0 0 0
30 0 0 0 0
34 0 0 0 0
36 1 1 0 0
35 1 0 0 0
32 0 0 0 0
29 0 0 0 0
34 2 0 0 0
37 1 0 0 0
31 1 0 0 0
30 0 0 0 0
33 0 0 0 0
30 1 0 0 0
31 1 0 0 0
23 1 0 0 0
33 0 1 0 0
32 1 0 0 0
31 1 0 0 0
34 2 0 0 0
33 0 0 0 0
27 1 0 0 0
28 0 0 0 0
21 0 0 0 0
33 0 0 0 0
32 0 0 0 0
37 4 0 0 0
27 0 0 0 0
32 0 0 0 0
34 1 0 0 0
29 0 0 0 0
30 1 0 0 0
31 1 0 0 0
31 1 0 0 0
27 0 0 0 0
30 1 0 0 0
31 0 0 0 0
30 1 0 0 0
32 1 0 0 0
30 0 0 0 0
31 1 0 0 0
39 2 1 0 0
34 1 0 0 0
28 2 0 0 0
29 0 0 0 0
27 0 0 0 0
32 1 0 0 0
32 0 1 0 0
34 1 0 0 0
33 2 0 0 0
34 1 0 0 0
26 0 0 0 0
29 1 0 0 0
30 1 0 0 0
21 0 0 0 0
27 3 0 0 0
28 1 0 0 0
23 0 0 0 0
22 0 0 0 0
19 1 0 0 0
24 1 0 0 0
22 0 0 0 0
31 1 0 0 0
27 0 0 0 0
32 1 0 0 0
33 0 0 0 0
31 0 0 0 0
33 0 0 0 0
36 2 0 0 0
26 0 0 0 0
24 0 0 0 0
35 1 0 0 0
29 0 0 0 0
32 1 0 0 0
28 0 0 0 0
31 0 0 0 0
32 0 0 0 0
35 1 0 0 0
28 0 0 0 0
31 1 0 0 0
35 3 0 0 0
32 0 0 0 0
22 0 0 0 0
32 1 0 0 0
31 0 0 0 0
30 0 0 0 0
32 0 0 0 0
28 0 0 0 0
32 0 0 0 0
35 1 0 0 0
32 0 0 0 0
22 0 0 0 0
29 0 0 0 0
31 0 0 0 0
31 1 0 0 0
36 2 0 0 0
35 3 0 0 0
29 1 1 0 0
26 0 0 0 0
33 1 0 0 0
33 1 0 0 0
23 0 1 0 0
30 0 0 0 0
33 0 0 0 0
24 0 0 0 0
28 1 0 0 0
27 0 0 0 0
30 2 0 0 0
29 0 1 0 0
32 0 0 0 0
25 1 0 0 0
29 0 0 0 0
29 0 0 0 0
34 1 0 0 0
30 1 0 0 0
31 0 0 0 0
27 1 0 0 0
30 1 0 0 0
32 1 0 0 0
27 0 0 0 0
31 1 0 0 0
32 1 0 0 0
32 0 0 0 0
28 0 0 0 0
31 1 0 0 0
32 3 0 0 0
29 0 0 0 0
32 1 0 0 0
29 0 0 0 0
28 0 0 0 0
30 0 0 0 0
36 0 0 0 0
29 1 0 0 0
33 0 0 0 0
28 0 0 0 0
32 0 0 0 0
31 0 0 0 0
32 1 0 0 0
30 0 0 0 0
26 0 0 0 0
35 1 0 0 0
25 0 0 0 0
32 1 0 0 0
25 0 0 0 0
28 1 0 0 0
27 1 0 0 0
25 0 0 0 0
28 0 0 0 0
27 0 0 0 0
24 0 0 0 0
24 0 0 0 0
22 0 0 0 0
23 0 0 0 0
24 0 0 0 0
23 0 0 0 0
21 0 0 0 0
21 1 0 0 0
33 1 0 0 0
26 1 0 0 0
20 0 0 0 0
25 0 0 0 0
25 1 0 0 0
31 1 0 0 0
23 0 0 0 0
23 1 0 0 0
22 0 0 0 0
29 0 0 0 0
24 0 0 0 0
27 2 0 0 0
28 0 0 0 0
29 1 0 0 0
23 0 0 0 0
27 0 0 0 0
24 0 0 0 0
24 0 0 0 0
25 1 0 0 0
22 1 0 0 0
21 1 0 0 0
19 0 0 0 0
27 0 0 0 0
22 1 0 0 0
29 0 1 0 0
25 0 0 0 0
24 0 0 0 0
26 1 1 0 0
24 0 0 0 0
27 1 0 0 0
25 1 0 0 0
25 1 0 0 0
21 1 0 0 0
20 0 0 0 0
25 2 0 0 0
25 0 0 0 0
25 0 0 0 0
24 0 0 0 0
25 0 0 0 0
26 0 0 0 0
23 0 0 0 0
28 1 0 0 0
22 0 0 0 0
21 0 0 0 0
27 0 0 0 0
23 0 0 0 0
24 1 0 0 0
22 0 0 0 0
27 1 0 0 0
24 1 0 0 0
29 1 0 0 0
26 0 0 0 0
25 1 0 0 0
27 2 0 0 0
21 0 0 0 0
21 0 0 0 0
19 0 0 0 0
25 0 0 0 0
33 0 0 0 0
23 1 0 0 0
30 0 0 0 0
26 0 0 0 0
22 1 0 0 0
28 0 0 0 0
22 0 0 0 0
26 1 0 0 0
22 1 0 0 0
25 1 0 0 0
26 1 0 0 0
32 2 0 0 0
28 0 0 0 0
22 1 0 0 0
23 0 0 0 0
25 0 0 0 0
21 0 0 0 0
32 0 1 0 0
24 0 0 0 0
21 0 0 0 0
25 0 0 0 0
24 0 1 0 0
21 1 0 0 0
18 0 0 0 0
28 1 0 0 0
24 0 0 0 0
23 0 0 0 0
31 1 0 0 0
22 0 0 0 0
25 0 0 0 0
31 1 0 0 0
30 0 0 0 0
27 1 0 0 0
28 0 0 0 0
24 0 0 0 0
30 0 0 0 0
28 1 0 0 0
22 1 0 0 0
24 1 0 0 0
25 1 0 0 0
29 0 0 0 0
27 1 0 0 0
19 0 0 0 0
26 0 0 0 0
27 0 0 0 0
24 0 0 0 0
30 3 0 0 0
24 0 0 0 0
30 2 0 0 0
22 0 0 0 0
23 1 0 0 0
23 0 0 0 0
29 1 0 0 0
24 0 0 0 0
26 0 0 0 0
29 0 0 0 0
28 0 0 0 0
31 2 0 0 0
30 0 0 0 0
30 0 0 0 0
32 0 0 0 0
29 0 0 0 0
27 0 0 0 0
30 0 0 0 0
28 1 0 0 0
28 1 0 0 0
36 0 0 0 0
34 2 0 0 0
30 1 0 0 0
29 0 0 0 0
28 2 0 0 0
33 0 0 0 0
33 1 0 0 0
33 0 0 0 0
33 2 0 0 0
29 0 0 0 0
26 0 0 0 0
26 0 0 0 0
29 1 0 0 0
32 0 0 0 0
37 3 0 0 0
26 0 0 0 0
32 0 0 0 0
31 1 0 0 0
25 0 0 0 0
21 1 0 0 0
24 1 0 0 0
27 0 0 0 0
22 0 0 0 0
22 0 0 0 0
28 0 0 0 0
29 2 0 0 0
33 1 0 0 0
29 1 0 0 0
27 1 0 0 0
29 0 0 0 0
30 1 0 0 0
27 0 0 0 0
31 2 0 0 0
23 1 0 0 0
32 0 0 0 0
24 1 0 0 0
26 0 0 0 0
30 0 0 0 0
21 0 0 0 0
29 2 0 0 0
19 0 0 0 0
30 4 0 0 0
34 0 1 0 0
29 1 0 0 0
30 2 0 0 0
27 0 0 0 0
29 2 0 0 0
26 0 0 0 0
23 0 0 0 0
25 1 0 0 0
27 0 0 0 0
23 0 0 0 0
26 0 1 0 0
30 1 0 0 0
30 0 0 0 0
28 0 0 0 0
26 1 0 0 0
29 1 0 0 0
27 0 0 0 0
26 1 0 0 0
30 2 0 0 0
29 1 0 0 0
24 0 0 0 0
28 0 0 0 0
25 0 0 0 0
31 0 0 0 0
30 1 0 0 0
23 0 0 0 0
25 0 0 0 0
26 0 0 0 0
28 1 0 0 0
25 0 0 0 0
28 0 0 0 0
30 0 0 0 0
32 1 0 0 0
34 1 0 0 0
33 0 0 0 0
29 0 0 0 0
31 2 0 0 0
28 0 0 0 0
35 2 0 0 0
29 0 0 0 0
30 2 0 0 0
27 0 0 0 0
25 0 0 0 0
22 1 0 0 0
27 1 0 0 0
26 0 0 0 0
35 2 0 0 0
37 2 0 0 0
30 1 0 0 0
30 0 0 0 0
33 0 0 0 0
28 0 0 0 0
28 1 0 0 0
33 0 1 0 0
31 0 0 0 0
28 0 0 0 0
25 1 0 0 0
25 0 0 0 0
32 1 0 0 0
28 2 0 0 0
27 0 0 0 0
29 2 0 0 0
35 1 0 0 0
30 1 0 0 0
32 0 0 0 0
25 1 0 0 0
31 2 0 0 0
30 1 0 0 0
22 0 0 0 0
29 1 0 0 0
30 0 0 0 0
28 0 0 0 0
28 1 0 0 0
33 1 0 0 0
32 1 0 0 0
28 2 0 0 0
30 0 0 0 0
31 1 0 0 0
30 0 0 0 0
35 0 0 0 0
34 1 1 0 0
27 1 0 0 0
32 0 0 0 0
28 0 0 0 0
26 0 0 0 0
29 0 0 0 0
33 2 0 0 0
25 0 0 0 0
26 1 0 0 0
25 0 0 0 0
27 1 0 0 0
32 0 0 0 0
29 0 0 0 0
32 1 0 0 0
30 0 0 0 0
27 1 0 0 0
31 1 0 0 0
32 0 0 0 0
29 0 0 0 0
32 0 0 0 0
19 0 0 0 0
30 0 0 0 0
33 1 0 0 0
28 2 0 0 0
36 1 0 0 0
34 1 0 0 0
28 0 0 0 0
34 3 0 0 0
25 2 0 0 0
33 1 1 0 0
31 1 0 0 0
24 0 0 0 0
26 1 0 0 0
27 0 0 0 0
26 1 0 0 0
25 1 0 0 0
20 0 0 0 0
28 3 0 0 0
23 0 0 0 0
20 0 0 0 0
30 1 0 0 0
31 1 0 0 0
29 0 1 0 0
34 1 0 0 0
31 3 0 0 0
36 3 0 0 0
34 1 1 0 0
31 2 0 0 0
32 1 0 0 0
29 1 0 0 0
33 1 0 0 0
28 0 0 0 0
32 0 0 0 0
32 2 0 0 0
27 1 0 0 0
22 0 0 0 0
34 1 0 0 0
27 0 0 0 0
24 0 0 0 0
29 0 0 0 0
33 0 0 0 0
25 0 0 0 0
31 0 0 0 0
25 0 0 0 0
25 0 0 0 0
32 0 0 0 0
27 1 0 0 0
25 0 0 0 0
31 1 0 0 0
31 0 0 0 0
28 0 0 0 0
30 3 0 0 0
22 0 0 0 0
27 0 0 0 0
30 1 0 0 0
29 3 0 0 0
31 0 0 0 0
35 1 0 0 0
31 1 0 0 0
29 0 0 0 0
29 1 0 0 0
35 1 0 0 0
30 2 0 0 0
28 0 0 0 0
27 0 0 0 0
42 1 0 1 0
33 0 0 0 0
29 0 0 0 0
42 1 1 0 0
33 0 1 0 0
31 1 0 0 0
28 0 0 0 0
34 2 0 0 0
37 2 0 0 0
27 2 0 0 0
35 1 0 0 0
29 0 0 0 0
22 0 0 0 0
37 1 0 0 0
34 1 0 0 0
30 1 0 0 0
24 2 0 0 0
30 1 0 0 0
28 3 0 0 0
30 3 0 0 0
34 2 0 0 0
28 1 0 0 0
28 2 0 0 0
26 0 0 0 0
23 0 0 0 0
30 2 0 0 0
28 1 0 0 0
27 4 0 0 0
29 1 0 0 0
33 1 0 0 0
30 2 0 0 0
31 0 0 0 0
27 0 0 0 0
22 0 0 0 0
30 1 0 0 0
28 1 0 0 0
34 2 0 0 0
28 0 0 0 0
30 0 0 0 0
26 1 0 0 0
23 0 0 0 0
27 1 0 0 0
25 0 0 0 0
25 0 0 0 0
24 0 0 0 0
22 0 0 0 0
31 0 0 0 0
31 1 0 0 0
30 0 0 0 0
30 0 0 0 0
31 1 0 0 0
31 1 0 0 0
25 1 0 0 0
22 0 0 0 0
32 1 0 0 0
27 0 0 0 0
31 0 0 0 0
24 1 0 0 0
29 0 0 0 0
27 0 0 0 0
28 0 0 0 0
31 1 0 0 0
25 0 0 0 0
34 0 0 0 0
34 0 0 0 0
25 0 0 0 0
29 0 0 0 0
31 0 0 0 0
33 1 0 0 0
27 0 0 0 0
28 0 0 0 0
27 0 0 0 0
32 1 0 0 0
28 0 0 0 0
28 0 0 0 0
28 1 0 0 0
33 0 0 0 0
29 0 0 0 0
31 0 1 0 0
23 0 0 0 0
30 2 0 0 0
23 1 0 0 0
22 0 0 0 0
30 1 0 0 0
31 1 0 0 0
28 0 0 0 0
23 0 0 0 0
29 1 0 0 0
31 1 0 0 0
33 3 0 0 0
33 2 0 0 0
19 0 0 0 0
21 1 0 0 0
33 2 0 0 0
31 0 0 0 0
18 0 0 0 0
31 0 0 0 0
30 0 0 0 0
33 0 0 0 0
31 0 0 0 0
36 3 0 0 0
26 1 0 0 0
30 0 0 0 0
31 1 0 0 0
27 0 0 0 0
38 2 1 0 0
21 1 0 0 0
23 0 0 0 0
22 0 0 0 0
24 1 0 0 0
25 0 0 0 0
26 1 0 0 0
25 1 0 0 0
30 1 0 0 0
31 1 0 0 0
23 1 0 0 0
26 0 0 0 0
25 0 0 0 0
33 0 0 0 0
28 1 0 0 0
32 1 0 0 0
30 0 0 0 0
29 1 0 0 0
35 1 0 0 0
33 0 0 0 0
31 1 0 0 0
30 1 0 0 0
34 1 0 0 0
31 0 1 0 0
30 1 0 0 0
32 2 0 0 0
26 0 0 0 0
26 0 0 0 0
23 0 0 0 0
33 1 0 0 0
34 1 0 0 0
24 0 0 0 0
20 0 0 0 0
28 0 0 0 0
35 1 0 0 0
33 1 0 0 0
25 0 0 0 0
25 0 0 0 0
30 1 0 0 0
33 1 0 0 0
26 1 0 0 0
28 0 0 0 0
27 0 0 0 0
30 0 0 0 0
32 0 0 0 0
24 0 0 0 0
22 0 0 0 0
25 0 0 0 0
31 0 0 0 0
29 0 0 0 0
21 0 0 0 0
30 1 0 0 0
27 0 0 0 0
30 0 0 0 0
27 0 0 0 0
28 0 0 0 0
29 0 0 0 0
34 0 0 0 0
27 0 0 0 0
34 0 0 0 0
29 0 0 0 0
36 0 0 0 0
24 0 0 0 0
32 1 0 0 0
27 0 0 0 0
31 1 0 0 0
37 0 1 0 0
30 1 0 0 0
31 0 0 0 0
31 0 0 0 0
32 1 0 0 0
31 0 0 0 0
24 0 0 0 0
20 0 0 0 0
31 0 0 0 0
20 1 0 0 0
32 1 0 0 0
31 0 0 0 0
28 0 0 0 0
37 3 0 0 0
32 0 0 0 0
31 1 0 0 0
34 0 0 0 0
29 0 0 0 0
30 1 0 0 0
29 0 0 0 0
30 1 0 0 0
31 0 0 0 0
27 1 0 0 0
31 1 0 0 0
30 1 0 0 0
24 0 0 0 0
28 3 0 0 0
28 0 0 0 0
29 1 0 0 0
35 0 0 0 0
25 0 0 0 0
32 0 0 0 0
32 1 0 0 0
33 1 0 0 0
34 1 0 0 0
32 0 0 0 0
34 0 0 0 0
35 2 0 0 0
26 1 0 0 0
31 1 0 0 0
29 1 0 0 0
30 1 0 0 0
31 3 0 0 0
30 1 0 0 0
30 1 0 0 0
32 0 0 0 0
22 0 0 0 0
25 0 0 0 0
29 1 0 0 0
26 1 0 0 0
23 0 0 0 0
30 2 0 0 0
24 0 0 0 0
28 1 0 0 0
31 0 0 0 0
31 1 0 0 0
31 1 0 0 0
28 0 0 0 0
29 1 0 0 0
34 0 0 0 0
33 0 0 0 0
35 2 0 0 0
31 0 0 0 0
35 1 0 0 0
25 0 0 0 0
28 0 0 0 0
30 0 0 0 0
26 1 0 0 0
31 1 0 0 0
25 1 0 0 0
25 1 0 0 0
33 0 0 0 0
23 0 1 0 0
29 0 0 0 0
32 0 0 0 0
23 0 0 0 0
29 0 0 0 0
34 0 0 0 0
27 0 0 0 0
21 0 0 0 0
35 2 0 0 0
26 1 0 0 0
27 0 0 0 0
33 1 0 0 0
36 0 0 0 0
26 0 0 0 0
28 0 0 0 0
28 0 0 0 0
35 0 1 0 0
36 1 0 0 0
25 0 0 0 0
35 1 0 0 0
24 0 1 0 0
28 0 0 0 0
31 1 0 0 0
29 1 0 0 0
25 1 0 0 0
29 0 0 0 0
26 1 0 0 0
31 0 1 0 0
28 0 0 0 0
23 0 0 0 0
30 0 0 0 0
27 2 0 0 0
32 1 0 0 0
24 0 0 0 0
30 0 0 0 0
31 0 0 0 0
25 0 0 0 0
35 0 1 0 0
29 0 1 0 0
23 0 0 0 0
28 0 0 0 0
23 1 0 0 0
27 1 0 0 0
30 1 0 0 0
28 0 0 0 0
31 0 0 0 0
26 0 0 0 0
32 1 0 0 0
29 1 0 0 0
36 0 0 0 0
31 0 0 0 0
27 0 0 0 0
37 2 0 0 0
22 1 0 0 0
30 1 0 0 0
26 0 0 0 0
35 1 0 0 0
30 0 1 0 0
35 2 0 0 0
32 0 0 0 0
32 1 0 0 0
31 0 0 0 0
27 0 0 0 0
34 1 0 0 0
32 3 0 0 0
24 0 0 0 0
30 0 0 0 0
33 0 0 0 0
31 1 0 0 0
23 1 0 0 0
30 0 0 0 0
30 0 0 0 0
23 0 0 0 0
34 1 0 0 0
26 0 0 0 0
33 1 0 0 0
27 1 0 0 0
34 1 0 0 0
28 0 0 0 0
26 0 0 0 0
29 2 0 0 0
28 1 0 0 0
25 1 0 0 0
31 1 0 0 0
29 0 0 0 0
16 0 0 0 0
23 0 0 0 0
27 0 0 0 0
29 1 0 0 0
34 0 0 0 0
27 1 0 0 0
29 0 0 0 0
25 0 0 0 0
21 1 0 0 0
27 0 0 0 0
30 0 0 0 0
35 0 0 0 0
24 0 0 0 0
26 0 0 0 0
17 0 0 0 0
25 2 0 0 0
35 0 1 0 0
26 0 0 0 0
28 0 0 0 0
27 0 0 0 0
35 1 0 0 0
28 0 1 0 0
34 0 0 0 0
33 0 0 0 0
27 0 0 0 0
32 2 0 0 0
30 1 0 0 0
25 1 0 0 0
31 0 0 0 0
36 1 0 0 0
25 0 0 0 0
32 1 0 0 0
37 2 0 0 0
29 0 1 0 0
27 0 0 0 0
19 1 0 0 0
28 1 0 0 0
25 0 0 0 0
28 0 0 0 0
28 2 0 0 0
25 1 0 0 0
26 0 0 0 0
25 0 0 0 0
24 0 0 0 0
29 1 0 0 0
33 1 0 0 0
24 1 0 0 0
34 2 1 0 0
30 1 0 0 0
24 0 0 0 0
31 0 0 0 0
26 0 0 0 0
23 0 0 0 0
29 0 0 0 0
25 1 0 0 0
21 0 0 0 0
30 1 0 0 0
27 0 0 0 0
29 1 0 0 0
22 0 0 0 0
28 0 0 0 0
30 1 0 0 0
27 0 0 0 0
31 1 0 0 0
27 0 0 0 0
29 0 0 0 0
28 0 0 0 0
29 0 0 0 0
26 0 0 0 0
31 2 0 0 0
29 1 0 0 0
31 0 0 0 0
30 1 0 0 0
31 1 0 0 0
34 4 0 0 0
32 1 0 0 0
32 0 0 0 0
33 0 0 0 0
27 0 0 0 0
30 0 0 0 0
25 0 0 0 0
27 0 0 0 0
27 0 0 0 0
27 2 0 0 0
26 1 0 0 0
26 1 0 0 0
29 1 0 0 0
28 1 0 0 0
17 1 0 0 0
34 1 0 0 0
26 0 0 0 0
31 0 0 0 0
32 2 0 0 0
39 1 1 0 0
31 2 0 0 0
25 1 0 0 0
27 0 0 0 0
32 0 0 0 0
26 0 0 0 0
35 1 1 0 0
28 1 0 0 0
27 2 0 0 0
31 1 0 0 0
23 0 0 0 0
26 0 0 0 0
24 1 0 0 0
30 0 0 0 0
21 0 0 0 0
27 0 0 0 0
27 0 0 0 0
31 0 2 0 0
34 2 0 0 0
25 0 0 0 0
39 2 0 0 0
30 0 0 0 0
27 2 0 0 0
36 0 0 0 0
32 1 0 0 0
32 0 0 0 0
33 3 0 0 0
29 0 0 0 0
31 0 0 0 0
25 0 0 0 0
35 1 0 0 0
35 2 0 0 0
29 0 0 0 0
33 1 0 0 0
32 2 0 0 0
32 0 0 0 0
35 0 0 0 0
29 1 0 0 0
25 0 0 0 0
30 2 0 0 0
31 1 0 0 0
35 0 1 0 0
37 2 0 0 0
32 1 0 0 0
33 1 0 0 0
31 0 0 0 0
36 1 0 0 0
30 0 0 0 0
29 0 0 0 0
34 3 0 0 0
30 0 0 0 0
25 4 0 0 0
30 0 0 0 0
34 2 0 0 0
30 1 0 0 0
29 2 0 0 0
21 1 0 0 0
30 2 0 0 0
32 1 0 0 0
35 0 0 0 0
30 0 0 0 0
28 0 0 0 0
32 0 0 0 0
29 0 0 0 0
28 0 0 0 0
30 0 0 0 0
30 0 0 0 0
31 1 0 0 0
34 4 0 0 0
31 0 0 0 0
30 1 0 0 0
31 1 0 0 0
29 0 0 0 0
27 0 0 0 0
34 1 0 0 0
24 0 0 0 0
25 0 0 0 0
27 0 0 0 0
22 0 0 0 0
24 0 0 0 0
26 0 0 0 0
26 0 0 0 0
28 0 0 0 0
33 0 1 0 0
25 0 0 0 0
30 0 0 0 0
23 0 0 0 0
31 1 0 0 0
23 2 0 0 0
28 0 0 0 0
25 0 0 0 0
30 1 0 0 0
31 0 0 0 0
25 1 0 0 0
33 3 0 0 0
32 1 0 0 0
32 2 0 0 0
30 1 0 0 0
32 1 0 0 0
25 0 0 0 0
23 2 0 0 0
25 0 0 0 0
35 1 1 0 0
24 0 0 0 0
23 0 0 0 0
29 1 0 0 0
25 1 0 0 0
21 1 0 0 0
21 0 0 0 0
35 2 0 0 0
27 1 0 0 0
28 0 0 0 0
37 2 1 0 0
30 0 0 0 0
26 0 0 0 0
26 0 0 0 0
32 2 0 0 0
26 0 0 0 0
25 0 0 0 0
36 2 0 0 0
32 0 0 0 0
29 0 1 0 0
37 4 0 0 0
26 1 0 0 0
33 1 0 0 0
32 2 0 0 0
32 1 0 0 0
35 0 1 0 0
31 2 0 0 0
29 1 0 0 0
28 2 0 0 0
30 1 0 0 0
32 1 0 0 0
30 1 0 0 0
29 0 0 0 0
30 1 0 0 0
33 1 0 0 0
29 0 0 0 0
28 0 0 0 0
31 0 0 0 0
22 1 0 0 0
25 0 0 0 0
28 0 0 0 0
29 0 0 0 0
24 1 0 0 0
25 0 0 0 0
25 1 0 0 0
24 1 0 0 0
25 0 0 0 0
27 0 0 0 0
32 1 0 0 0
27 1 0 0 0
32 1 0 0 0
29 0 0 0 0
31 1 0 0 0
30 1 0 0 0
21 0 0 0 0
32 1 0 0 0
24 0 0 0 0
26 0 0 0 0
32 0 0 0 0
29 0 0 0 0
30 0 0 0 0
31 0 0 0 0
25 0 0 0 0
28 0 0 0 0
34 1 0 0 0
34 1 0 0 0
25 1 0 0 0
19 0 0 0 0
28 0 0 0 0
32 0 0 0 0
19 0 0 0 0
32 0 0 0 0
31 0 0 0 0
30 0 0 0 0
31 1 0 0 0
34 1 0 0 0
28 0 0 0 0
28 0 0 0 0
28 0 0 0 0
31 0 0 0 0
33 0 0 0 0
28 0 0 0 0
28 0 0 0 0
33 1 0 0 0
30 0 0 0 0
27 0 0 0 0
26 0 0 0 0
32 2 0 0 0
28 0 0 0 0
34 1 0 0 0
29 1 0 0 0
27 0 0 0 0
27 1 0 0 0
30 1 0 0 0
30 1 0 0 0
32 1 0 0 0
29 0 0 0 0
28 2 0 0 0
32 2 0 0 0
22 2 0 0 0
33 0 0 0 0
27 0 0 0 0
27 0 0 0 0
26 0 0 0 0
22 0 0 0 0
24 2 0 0 0
34 2 0 0 0
28 1 0 0 0
35 3 0 0 0
31 0 0 0 0
30 0 0 0 0
29 1 0 0 0
23 0 0 0 0
21 0 0 0 0
24 0 0 0 0
29 0 0 0 0
24 0 0 0 0
23 0 0 0 0
30 1 0 0 0
35 3 0 0 0
31 1 0 0 0
32 1 0 0 0
36 3 0 0 0
34 1 0 0 0
33 1 0 0 0
27 1 0 0 0
38 2 0 0 0
27 0 0 0 0
32 1 0 0 0
34 1 0 0 0
33 0 0 0 0
27 0 0 0 0
30 0 0 0 0
23 0 0 0 0
34 0 0 0 0
27 2 0 0 0
30 2 0 0 0
25 0 0 0 0
30 0 0 0 0
32 1 0 0 0
21 0 0 0 0
31 1 0 0 0
24 0 0 0 0
23 1 0 0 0
33 1 0 0 0
23 0 0 0 0
31 1 0 0 0
33 2 0 0 0
26 0 0 0 0
29 2 0 0 0
32 0 0 0 0
24 1 0 0 0
32 1 1 0 0
30 1 0 0 0
31 0 0 0 0
30 1 0 0 0
31 0 1 0 0
34 2 0 0 0
33 2 0 0 0
31 1 0 0 0
21 1 0 0 0
30 0 0 0 0
28 1 0 0 0
34 1 0 0 0
22 0 0 0 0
21 1 0 0 0
31 2 0 0 0
27 1 0 0 0
30 0 0 0 0
32 0 0 0 0
32 0 0 0 0
28 0 0 0 0
31 0 0 0 0
29 0 0 0 0
21 0 0 0 0
23 0 0 0 0
23 1 0 0 0
25 1 0 0 0
27 0 0 0 0
24 0 0 0 0
23 0 0 0 0
37 2 0 0 0
36 3 0 0 0
20 0 0 0 0
25 1 0 0 0
27 0 0 0 0
33 1 0 0 0
31 1 0 0 0
34 3 0 0 0
27 0 0 0 0
29 0 0 0 0
24 2 0 0 0
30 0 0 0 0
34 2 0 0 0
29 2 0 0 0
28 1 0 0 0
23 0 0 0 0
30 1 0 0 0
34 2 0 0 0
24 0 0 0 0
31 0 0 0 0
29 2 0 0 0
33 1 0 0 0
26 0 0 0 0
25 0 0 0 0
29 0 0 0 0
22 0 0 0 0
31 1 0 0 0
21 0 0 0 0
26 0 0 0 0
27 0 0 0 0
22 0 0 0 0
20 0 0 0 0
24 1 0 0 0
21 0 0 0 0
22 0 0 0 0
23 1 0 0 0
28 1 0 0 0
26 1 0 0 0
30 2 0 0 0
29 1 0 0 0
25 0 0 0 0
30 0 0 0 0
32 0 0 0 0
32 1 0 0 0
35 1 1 0 0
37 3 0 0 0
25 0 0 0 0
29 0 0 0 0
26 0 0 0 0
23 1 0 0 0
21 1 0 0 0
21 0 0 0 0
24 1 0 0 0
24 0 1 0 0
17 0 0 0 0
21 0 0 0 0
21 1 0 0 0
21 0 0 0 0
24 0 0 0 0
25 1 0 0 0
27 0 0 0 0
24 0 0 0 0
24 1 0 0 0
24 2 0 0 0
29 2 0 0 0
23 0 0 0 0
21 0 0 0 0
19 0 0 0 0
21 1 0 0 0
25 2 0 0 0
26 1 0 0 0
30 2 0 0 0
28 0 0 0 0
28 2 0 0 0
24 0 0 0 0
27 1 0 0 0
25 0 0 0 0
18 1 0 0 0
25 0 0 0 0
26 0 0 0 0
27 0 1 0 0
28 1 0 0 0
23 0 0 0 0
30 1 0 0 0
20 0 0 0 0
37 5 0 0 0
25 0 0 0 0
23 1 0 0 0
26 1 0 0 0
17 0 0 0 0
24 0 1 0 0
20 0 0 0 0
35 1 0 0 0
32 0 0 0 0
25 1 0 0 0
22 0 0 0 0
29 0 0 0 0
35 2 0 0 0
29 1 1 0 0
22 0 0 0 0
25 0 0 0 0
19 0 0 0 0
30 2 1 0 0
25 0 0 0 0
