24 0 0 0 0
20 0 0 0 0
19 0 0 0 0
23 0 0 0 0
15 0 0 0 0
17 0 0 0 0
22 0 0 0 0
23 0 0 0 0
19 0 0 0 0
22 0 0 0 0
23 0 0 0 0
17 0 0 0 0
15 0 0 0 0
16 0 0 0 0
25 0 0 0 0
23 0 0 0 0
23 0 0 0 0
14 0 0 0 0
20 0 0 0 0
26 0 0 0 0
26 0 0 0 0
22 0 0 0 0
23 0 0 0 0
15 0 0 0 0
28 0 0 0 0
19 0 0 0 0
28 0 0 0 0
19 0 0 0 0
24 0 0 0 0
20 0 0 0 0
17 0 0 0 0
18 0 0 0 0
22 0 0 0 0
16 0 0 0 0
21 0 0 0 0
28 0 0 0 0
18 0 0 0 0
22 0 0 0 0
19 0 0 0 0
20 0 0 0 0
20 0 0 0 0
14 0 0 0 0
22 0 0 0 0
13 0 0 0 0
18 0 0 0 0
21 0 0 0 0
22 0 0 0 0
16 0 0 0 0
14 0 0 0 0
12 0 0 0 0
21 0 0 0 0
17 0 0 0 0
16 0 0 0 0
23 0 0 0 0
22 0 0 0 0
17 0 0 0 0
23 0 0 0 0
17 0 0 0 0
22 0 0 0 0
18 0 0 0 0
17 0 0 0 0
19 0 0 0 0
22 0 0 0 0
24 0 0 0 0
24 0 0 0 0
21 1 0 0 0
24 0 0 0 0
22 0 0 0 0
21 0 0 0 0
24 0 0 0 0
16 0 0 0 0
15 0 0 0 0
19 0 0 0 0
24 0 0 0 0
20 0 0 0 0
23 0 0 0 0
24 0 0 0 0
25 0 0 0 0
27 0 0 0 0
19 0 0 0 0
19 0 0 0 0
28 0 0 0 0
20 0 0 0 0
19 0 0 0 0
12 0 0 0 0
24 0 0 0 0
22 0 0 0 0
25 0 0 0 0
22 0 0 0 0
22 0 0 0 0
24 0 0 0 0
25 0 0 0 0
23 0 0 0 0
21 0 0 0 0
15 0 0 0 0
24 0 0 0 0
22 0 0 0 0
25 1 0 0 0
18 0 0 0 0
23 0 0 0 0
23 0 0 0 0
20 0 0 0 0
14 0 0 0 0
23 0 0 0 0
29 0 0 0 0
22 0 0 0 0
20 0 0 0 0
21 0 0 0 0
17 1 0 0 0
24 0 0 0 0
24 0 0 0 0
17 0 0 0 0
22 0 0 0 0
19 0 0 0 0
22 0 0 0 0
28 1 0 0 0
21 0 0 0 0
31 0 0 0 0
15 0 0 0 0
19 0 0 0 0
25 0 0 0 0
21 0 0 0 0
21 0 0 0 0
25 0 0 0 0
30 0 0 0 0
26 0 0 0 0
34 0 0 0 0
24 0 0 0 0
21 0 0 0 0
27 0 0 0 0
19 0 0 0 0
24 0 0 0 0
17 0 0 0 0
23 0 0 0 0
27 0 0 0 0
22 0 0 0 0
25 0 0 0 0
24 0 0 0 0
29 0 0 0 0
21 0 0 0 0
27 0 0 0 0
21 0 0 0 0
25 0 0 0 0
27 0 0 0 0
29 0 0 0 0
23 0 0 0 0
23 0 0 0 0
20 0 0 0 0
21 0 0 0 0
22 0 0 0 0
26 1 0 0 0
21 0 0 0 0
30 0 0 0 0
19 0 0 0 0
17 0 0 0 0
31 0 0 0 0
24 0 0 0 0
16 0 0 0 0
19 0 0 0 0
18 0 0 0 0
26 0 0 0 0
16 0 0 0 0
27 0 0 0 0
28 0 0 0 0
20 0 0 0 0
26 0 0 0 0
22 0 0 0 0
10 0 0 0 0
26 0 0 0 0
27 0 0 0 0
27 0 0 0 0
25 0 0 0 0
21 0 0 0 0
30 0 0 0 0
15 0 0 0 0
29 0 0 0 0
29 0 0 0 0
23 0 0 0 0
27 0 0 0 0
16 0 0 0 0
30 0 0 0 0
25 0 0 0 0
13 0 0 0 0
17 0 0 0 0
31 2 0 0 0
22 0 0 0 0
31 1 0 0 0
23 0 0 0 0
24 0 0 0 0
30 0 0 0 0
20 0 0 0 0
23 0 0 0 0
22 1 0 0 0
26 0 0 0 0
23 0 0 0 0
26 0 0 0 0
26 0 0 0 0
23 0 0 0 0
25 0 0 0 0
19 0 0 0 0
28 1 0 0 0
30 0 0 0 0
18 0 0 0 0
26 0 0 0 0
30 1 0 0 0
25 0 0 0 0
25 0 0 0 0
30 0 0 0 0
26 0 0 0 0
25 0 0 0 0
16 0 0 0 0
25 0 0 0 0
32 0 0 0 0
29 0 0 0 0
29 2 0 0 0
25 0 0 0 0
17 0 0 0 0
27 0 0 0 0
25 0 0 0 0
25 0 0 0 0
26 0 0 0 0
27 0 0 0 0
24 0 0 0 0
24 0 0 0 0
21 0 0 0 0
29 1 0 0 0
27 0 0 0 0
26 0 0 0 0
36 1 0 0 0
28 0 0 0 0
24 1 0 0 0
22 0 0 0 0
30 0 0 0 0
24 1 0 0 0
34 1 0 0 0
27 0 0 0 0
27 0 0 0 0
30 1 0 0 0
30 1 0 0 0
35 2 0 0 0
25 0 0 0 0
29 0 0 0 0
30 0 0 0 0
26 0 0 0 0
27 0 0 0 0
29 1 0 0 0
29 1 0 0 0
28 0 0 0 0
34 1 0 0 0
32 0 0 0 0
22 0 0 0 0
24 0 0 0 0
36 1 0 0 0
31 1 0 0 0
32 0 1 0 0
28 2 0 0 0
26 0 0 0 0
29 0 0 0 0
31 0 0 0 0
35 2 0 0 0
38 3 0 0 0
31 0 0 0 0
34 1 0 0 0
30 0 0 0 0
35 2 0 0 0
29 0 0 0 0
23 0 0 0 0
27 1 0 0 0
32 1 0 0 0
32 0 0 0 0
36 2 0 0 0
34 2 0 0 0
33 1 0 0 0
33 1 0 0 0
26 0 0 0 0
31 0 0 0 0
30 0 0 0 0
37 2 0 0 0
31 1 0 0 0
33 2 0 0 0
33 2 0 0 0
35 1 0 0 0
35 1 0 0 0
35 3 0 0 0
38 4 0 0 0
26 0 0 0 0
29 0 0 0 0
31 0 0 0 0
36 2 0 0 0
33 1 0 0 0
42 1 1 1 0
38 2 0 0 0
29 1 0 0 0
31 0 0 0 0
34 3 0 0 0
34 2 0 0 0
30 0 0 0 0
34 0 0 0 0
34 0 1 0 0
34 0 0 0 0
32 2 0 0 0
38 2 0 0 0
36 1 0 0 0
41 3 0 1 0
38 3 0 0 0
36 1 1 0 0
40 3 0 0 0
32 1 0 0 0
38 4 0 0 0
33 0 0 0 0
40 2 1 0 0
32 0 0 0 0
38 2 1 0 0
32 0 0 0 0
36 1 0 0 0
37 3 0 0 0
37 2 0 0 0
31 1 0 0 0
39 3 0 0 0
34 0 0 0 0
39 6 0 0 0
32 1 0 0 0
32 0 0 0 0
37 1 0 0 0
34 2 0 0 0
36 2 0 0 0
45 3 1 0 0
36 3 0 0 0
34 1 0 0 0
33 1 0 0 0
41 3 1 0 0
35 2 0 0 0
31 0 0 0 0
49 6 1 0 0
43 4 1 0 0
32 1 0 0 0
34 2 0 0 0
23 1 0 0 0
37 1 1 0 0
33 1 0 0 0
33 1 0 0 0
40 3 1 0 0
33 1 0 0 0
40 4 0 0 0
34 0 1 0 0
47 9 1 0 0
43 4 1 0 0
40 5 0 0 0
33 1 0 0 0
37 4 0 0 0
31 2 0 0 0
41 6 0 0 0
37 4 0 0 0
44 3 2 0 0
39 5 0 0 0
38 2 0 1 0
51 5 1 1 0
38 4 1 0 0
43 7 0 0 0
31 4 0 0 0
53 10 2 0 0
33 1 1 0 0
37 4 0 0 0
30 1 0 0 0
32 2 0 0 0
42 8 0 0 0
43 1 0 1 0
32 1 1 0 0
48 6 1 1 0
42 4 1 0 0
31 0 0 0 0
45 8 1 0 0
32 2 0 0 0
35 2 1 0 0
39 5 0 0 0
31 3 0 0 0
33 1 0 0 0
40 0 3 0 0
37 2 0 0 0
40 3 1 0 0
54 5 4 0 0
44 6 1 0 0
29 1 0 0 0
38 2 1 0 0
29 1 0 0 0
31 2 0 0 0
41 4 1 0 0
40 6 1 0 0
37 2 0 0 0
37 7 0 0 0
40 3 1 0 0
38 4 1 0 0
42 7 1 0 0
28 0 0 0 0
53 4 3 1 0
30 1 1 0 0
33 2 1 0 0
29 1 0 0 0
35 3 0 0 0
39 5 0 0 0
