16 0 0 0 0
20 0 0 0 0
21 0 0 0 0
19 0 0 0 0
11 0 0 0 0
20 0 0 0 0
17 0 0 0 0
18 0 0 0 0
21 0 0 0 0
22 0 0 0 0
23 0 0 0 0
21 0 0 0 0
25 0 0 0 0
23 0 0 0 0
21 0 0 0 0
21 0 0 0 0
21 0 0 0 0
24 0 0 0 0
15 0 0 0 0
23 0 0 0 0
19 0 0 0 0
21 0 0 0 0
18 0 0 0 0
17 0 0 0 0
13 0 0 0 0
23 0 0 0 0
25 0 0 0 0
23 0 0 0 0
20 0 0 0 0
20 0 0 0 0
17 0 0 0 0
15 0 0 0 0
14 0 0 0 0
13 0 0 0 0
24 0 0 0 0
24 0 0 0 0
22 0 0 0 0
20 0 0 0 0
18 0 0 0 0
14 0 0 0 0
21 0 0 0 0
19 0 0 0 0
17 0 0 0 0
16 0 0 0 0
16 0 0 0 0
27 0 0 0 0
23 0 0 0 0
22 1 0 0 0
17 0 0 0 0
15 0 0 0 0
23 0 0 0 0
25 0 0 0 0
24 0 0 0 0
20 0 0 0 0
17 0 0 0 0
17 0 0 0 0
14 0 0 0 0
14 0 0 0 0
17 0 0 0 0
25 0 0 0 0
23 0 0 0 0
22 0 0 0 0
22 0 0 0 0
18 0 0 0 0
18 0 0 0 0
19 0 0 0 0
23 0 0 0 0
21 0 0 0 0
20 0 0 0 0
22 0 0 0 0
23 0 0 0 0
22 0 0 0 0
23 0 0 0 0
21 0 0 0 0
15 0 0 0 0
22 0 0 0 0
20 0 0 0 0
23 0 0 0 0
14 0 0 0 0
24 0 0 0 0
15 0 0 0 0
15 0 0 0 0
22 0 0 0 0
23 0 0 0 0
21 0 0 0 0
20 0 0 0 0
19 0 0 0 0
15 0 0 0 0
20 0 0 0 0
11 0 0 0 0
16 0 0 0 0
18 0 0 0 0
17 0 0 0 0
24 0 0 0 0
18 0 0 0 0
15 0 0 0 0
19 0 0 0 0
19 0 0 0 0
21 0 0 0 0
16 0 0 0 0
21 0 0 0 0
13 0 0 0 0
19 0 0 0 0
24 0 0 0 0
21 0 0 0 0
18 0 0 0 0
18 0 0 0 0
22 0 0 0 0
19 0 0 0 0
23 0 0 0 0
11 0 0 0 0
16 0 0 0 0
16 0 0 0 0
22 1 0 0 0
13 0 0 0 0
21 0 0 0 0
22 0 0 0 0
19 0 0 0 0
22 0 0 0 0
18 0 0 0 0
16 0 0 0 0
14 0 0 0 0
24 0 0 0 0
20 0 0 0 0
18 0 0 0 0
20 0 0 0 0
23 0 0 0 0
15 0 0 0 0
27 0 0 0 0
19 0 0 0 0
14 0 0 0 0
20 0 0 0 0
18 0 0 0 0
14 0 0 0 0
14 0 0 0 0
19 0 0 0 0
20 0 0 0 0
23 0 0 0 0
18 0 0 0 0
26 0 0 0 0
16 0 0 0 0
17 0 0 0 0
20 0 0 0 0
17 0 0 0 0
22 0 0 0 0
25 0 0 0 0
25 0 0 0 0
19 0 0 0 0
17 0 0 0 0
24 0 0 0 0
24 0 0 0 0
25 1 0 0 0
19 0 0 0 0
16 0 0 0 0
17 0 0 0 0
22 0 0 0 0
20 0 0 0 0
23 0 0 0 0
13 0 0 0 0
14 0 0 0 0
22 0 0 0 0
16 0 0 0 0
14 0 0 0 0
18 0 0 0 0
20 0 0 0 0
20 0 0 0 0
23 0 0 0 0
26 0 0 0 0
16 0 0 0 0
20 0 0 0 0
16 0 0 0 0
18 0 0 0 0
22 0 0 0 0
19 0 0 0 0
24 0 0 0 0
26 0 0 0 0
28 0 0 0 0
16 0 0 0 0
20 0 0 0 0
23 0 0 0 0
18 0 0 0 0
23 0 0 0 0
16 0 0 0 0
26 0 0 0 0
24 0 0 0 0
23 0 0 0 0
23 0 0 0 0
23 0 0 0 0
23 0 0 0 0
18 0 0 0 0
23 0 0 0 0
16 0 0 0 0
14 0 0 0 0
24 0 0 0 0
19 0 0 0 0
21 0 0 0 0
15 0 0 0 0
24 0 0 0 0
22 0 0 0 0
16 0 0 0 0
21 0 0 0 0
26 0 0 0 0
21 0 0 0 0
18 0 0 0 0
18 0 0 0 0
20 0 0 0 0
16 0 0 0 0
16 0 0 0 0
20 0 0 0 0
16 0 0 0 0
21 0 0 0 0
24 0 0 0 0
22 0 0 0 0
20 0 0 0 0
17 0 0 0 0
12 0 0 0 0
16 0 0 0 0
18 0 0 0 0
13 0 0 0 0
22 0 0 0 0
21 0 0 0 0
15 0 0 0 0
14 0 0 0 0
20 0 0 0 0
26 0 0 0 0
22 0 0 0 0
26 0 0 0 0
20 0 0 0 0
16 0 0 0 0
20 0 0 0 0
22 0 0 0 0
26 0 0 0 0
22 0 0 0 0
24 0 0 0 0
24 0 0 0 0
22 0 0 0 0
18 0 0 0 0
24 1 0 0 0
15 0 0 0 0
20 0 0 0 0
24 0 0 0 0
28 1 0 0 0
24 0 0 0 0
26 0 0 0 0
20 0 0 0 0
23 0 0 0 0
14 0 0 0 0
21 0 0 0 0
18 0 0 0 0
22 0 0 0 0
22 0 0 0 0
16 0 0 0 0
20 0 0 0 0
16 0 0 0 0
22 0 0 0 0
19 0 0 0 0
20 0 0 0 0
26 0 0 0 0
19 0 0 0 0
13 0 0 0 0
17 0 0 0 0
22 0 0 0 0
19 0 0 0 0
16 0 0 0 0
20 0 0 0 0
15 0 0 0 0
16 0 0 0 0
27 0 0 0 0
14 0 0 0 0
20 0 0 0 0
19 0 0 0 0
25 0 0 0 0
21 0 0 0 0
23 0 0 0 0
15 0 0 0 0
14 0 0 0 0
20 0 0 0 0
18 0 0 0 0
15 0 0 0 0
23 0 0 0 0
17 0 0 0 0
19 0 0 0 0
26 1 0 0 0
20 0 0 0 0
25 0 0 0 0
23 1 0 0 0
15 0 0 0 0
26 0 0 0 0
21 0 0 0 0
22 0 0 0 0
25 0 0 0 0
23 0 0 0 0
25 0 0 0 0
18 0 0 0 0
18 0 0 0 0
23 0 0 0 0
26 0 0 0 0
28 0 0 0 0
21 0 0 0 0
22 0 0 0 0
19 0 0 0 0
22 0 0 0 0
18 0 0 0 0
19 0 0 0 0
18 0 0 0 0
20 0 0 0 0
25 0 0 0 0
27 0 0 0 0
21 0 0 0 0
23 0 0 0 0
23 0 0 0 0
19 0 0 0 0
21 0 0 0 0
22 0 0 0 0
18 0 0 0 0
27 0 0 0 0
24 0 0 0 0
24 0 0 0 0
20 0 0 0 0
16 0 0 0 0
17 1 0 0 0
20 0 0 0 0
19 0 0 0 0
16 0 0 0 0
20 0 0 0 0
23 0 0 0 0
18 0 0 0 0
25 1 0 0 0
19 0 0 0 0
19 0 0 0 0
17 0 0 0 0
16 0 0 0 0
19 0 0 0 0
19 0 0 0 0
20 0 0 0 0
23 0 0 0 0
20 0 0 0 0
29 0 0 0 0
24 0 0 0 0
24 0 0 0 0
22 1 0 0 0
26 0 0 0 0
22 0 0 0 0
17 0 0 0 0
20 0 0 0 0
22 0 0 0 0
24 0 0 0 0
14 0 0 0 0
23 0 0 0 0
20 0 0 0 0
21 0 0 0 0
27 0 0 0 0
22 0 0 0 0
21 0 0 0 0
20 0 0 0 0
21 0 0 0 0
25 0 0 0 0
21 0 0 0 0
19 0 0 0 0
24 0 0 0 0
26 0 0 0 0
22 0 0 0 0
27 0 0 0 0
21 0 0 0 0
23 0 0 0 0
17 0 0 0 0
30 0 0 0 0
21 0 0 0 0
21 0 0 0 0
26 0 0 0 0
28 0 0 0 0
26 0 0 0 0
19 0 0 0 0
18 0 0 0 0
24 0 0 0 0
25 0 0 0 0
26 0 0 0 0
23 1 0 0 0
18 0 0 0 0
21 0 0 0 0
18 0 0 0 0
19 0 0 0 0
16 0 0 0 0
22 1 0 0 0
21 0 0 0 0
27 0 0 0 0
21 0 0 0 0
21 0 0 0 0
20 0 0 0 0
21 1 0 0 0
20 0 0 0 0
27 2 0 0 0
25 0 0 0 0
24 0 0 0 0
26 0 0 0 0
21 0 0 0 0
30 0 0 0 0
19 0 0 0 0
25 0 0 0 0
20 1 0 0 0
18 0 0 0 0
25 0 0 0 0
26 0 0 0 0
20 0 0 0 0
25 0 0 0 0
19 0 0 0 0
22 0 0 0 0
27 0 0 0 0
21 0 0 0 0
22 1 0 0 0
21 0 0 0 0
17 0 0 0 0
19 0 0 0 0
26 2 0 0 0
24 0 0 0 0
24 0 0 0 0
30 1 0 0 0
21 0 0 0 0
12 0 0 0 0
21 0 0 0 0
16 0 0 0 0
29 0 0 0 0
28 0 0 0 0
28 0 0 0 0
23 0 0 0 0
21 0 0 0 0
24 0 0 0 0
21 0 0 0 0
25 0 0 0 0
17 0 0 0 0
14 0 0 0 0
31 2 0 0 0
28 1 0 0 0
21 0 0 0 0
20 0 0 0 0
24 0 0 0 0
27 0 0 0 0
18 0 0 0 0
23 0 0 0 0
24 0 0 0 0
19 0 0 0 0
20 0 0 0 0
30 0 0 0 0
21 0 0 0 0
30 0 0 0 0
25 0 0 0 0
18 1 0 0 0
21 0 0 0 0
23 0 0 0 0
32 2 0 0 0
29 1 0 0 0
20 0 0 0 0
26 0 0 0 0
25 1 0 0 0
16 0 0 0 0
22 0 0 0 0
21 0 0 0 0
17 0 0 0 0
22 0 0 0 0
24 0 0 0 0
29 0 0 0 0
19 0 0 0 0
30 0 0 0 0
21 0 0 0 0
18 0 0 0 0
25 0 0 0 0
22 0 0 0 0
26 0 0 0 0
30 1 0 0 0
30 0 0 0 0
25 0 0 0 0
23 0 0 0 0
22 0 0 0 0
29 0 0 0 0
22 0 0 0 0
21 0 0 0 0
27 0 0 0 0
29 0 0 0 0
23 0 0 0 0
25 0 0 0 0
21 0 0 0 0
24 0 0 0 0
25 0 0 0 0
28 0 0 0 0
23 0 0 0 0
27 0 0 0 0
27 2 0 0 0
29 0 0 0 0
22 0 0 0 0
21 0 0 0 0
23 0 0 0 0
24 0 0 0 0
28 0 0 0 0
31 1 0 0 0
19 0 0 0 0
24 0 0 0 0
25 1 0 0 0
15 0 0 0 0
17 0 0 0 0
23 0 0 0 0
24 0 0 0 0
24 0 0 0 0
19 0 0 0 0
19 0 0 0 0
25 0 0 0 0
20 0 0 0 0
26 0 0 0 0
23 0 0 0 0
22 0 0 0 0
23 0 0 0 0
32 0 0 0 0
26 0 0 0 0
32 0 0 0 0
31 0 0 0 0
30 1 0 0 0
24 0 0 0 0
18 0 0 0 0
25 0 0 0 0
27 0 0 0 0
15 0 0 0 0
28 0 0 0 0
22 0 0 0 0
19 0 0 0 0
21 0 0 0 0
20 0 0 0 0
29 0 0 0 0
19 0 0 0 0
28 0 0 0 0
20 0 0 0 0
19 0 0 0 0
26 1 0 0 0
20 1 0 0 0
29 0 0 0 0
24 0 0 0 0
27 1 0 0 0
22 1 0 0 0
24 0 0 0 0
19 0 0 0 0
31 0 0 0 0
28 1 0 0 0
22 0 0 0 0
26 0 0 0 0
27 0 0 0 0
22 0 0 0 0
23 0 0 0 0
31 1 0 0 0
22 0 0 0 0
24 0 0 0 0
20 0 0 0 0
23 0 0 0 0
19 1 0 0 0
27 1 0 0 0
17 0 0 0 0
27 0 0 0 0
25 0 0 0 0
24 0 0 0 0
32 2 0 0 0
24 1 0 0 0
16 0 0 0 0
24 0 0 0 0
26 0 0 0 0
30 1 0 0 0
24 0 0 0 0
27 0 0 0 0
24 0 0 0 0
30 0 0 0 0
24 0 0 0 0
24 0 0 0 0
28 0 0 0 0
23 0 0 0 0
18 0 0 0 0
22 0 0 0 0
29 1 0 0 0
26 0 0 0 0
20 0 0 0 0
25 1 0 0 0
22 2 0 0 0
28 0 0 0 0
21 0 0 0 0
17 0 0 0 0
30 0 0 0 0
31 0 0 0 0
27 0 0 0 0
22 0 0 0 0
27 0 0 0 0
30 0 0 0 0
24 0 0 0 0
29 0 0 0 0
18 0 0 0 0
27 0 0 0 0
29 2 0 0 0
30 1 0 0 0
22 0 0 0 0
24 0 0 0 0
34 2 0 0 0
29 0 0 0 0
28 0 0 0 0
22 0 0 0 0
25 1 0 0 0
33 0 0 0 0
31 0 0 0 0
19 0 0 0 0
16 0 0 0 0
16 0 0 0 0
20 0 0 0 0
27 0 0 0 0
30 0 0 0 0
31 1 0 0 0
26 1 0 0 0
24 0 0 0 0
28 0 0 0 0
22 0 0 0 0
25 0 0 0 0
30 0 0 0 0
36 2 0 0 0
27 1 0 0 0
29 0 0 0 0
19 0 0 0 0
25 1 0 0 0
19 0 0 0 0
28 1 0 0 0
21 0 0 0 0
29 0 0 0 0
26 0 0 0 0
34 1 0 0 0
29 0 0 0 0
30 0 0 0 0
29 0 0 0 0
26 0 0 0 0
26 0 0 0 0
29 0 0 0 0
27 0 0 0 0
33 0 0 0 0
32 0 0 0 0
26 1 0 0 0
31 2 0 0 0
27 0 0 0 0
30 0 0 0 0
31 0 0 0 0
23 0 0 0 0
23 0 0 0 0
25 0 0 0 0
30 0 0 0 0
29 1 0 0 0
35 2 0 0 0
24 0 0 0 0
34 1 0 0 0
15 0 0 0 0
24 0 0 0 0
26 0 0 0 0
30 0 0 0 0
28 0 0 0 0
26 0 0 0 0
29 0 0 0 0
22 0 0 0 0
31 1 0 0 0
24 2 0 0 0
30 1 0 0 0
27 0 0 0 0
27 0 0 0 0
31 1 0 0 0
32 1 0 0 0
31 1 0 0 0
27 1 0 0 0
24 0 0 0 0
22 0 0 0 0
29 0 0 0 0
32 0 0 0 0
24 0 0 0 0
22 0 0 0 0
20 0 0 0 0
24 0 0 0 0
24 1 0 0 0
21 1 0 0 0
27 2 0 0 0
27 2 0 0 0
25 0 0 0 0
23 0 0 0 0
24 0 0 0 0
26 0 0 0 0
25 0 0 0 0
22 0 0 0 0
33 0 0 0 0
31 2 0 0 0
28 0 0 0 0
19 0 0 0 0
23 0 0 0 0
29 0 0 0 0
26 0 0 0 0
25 0 0 0 0
27 1 0 0 0
29 0 0 0 0
28 0 0 0 0
28 1 0 0 0
28 0 0 0 0
30 3 0 0 0
25 0 0 0 0
32 1 0 0 0
30 0 0 0 0
29 0 0 0 0
30 0 0 0 0
33 1 0 0 0
20 0 0 0 0
28 1 0 0 0
21 0 0 0 0
25 0 0 0 0
29 0 0 0 0
21 0 0 0 0
22 0 0 0 0
26 1 0 0 0
36 1 0 0 0
27 0 0 0 0
24 0 0 0 0
29 0 0 0 0
29 1 0 0 0
32 0 0 0 0
25 0 0 0 0
28 1 0 0 0
32 0 0 0 0
26 0 0 0 0
31 1 0 0 0
31 1 0 0 0
30 0 0 0 0
32 5 0 0 0
28 0 0 0 0
25 0 0 0 0
31 1 0 0 0
30 0 0 0 0
19 0 0 0 0
33 2 0 0 0
30 1 0 0 0
32 1 0 0 0
36 1 0 0 0
35 2 0 0 0
29 0 0 0 0
26 0 0 0 0
35 1 0 0 0
18 2 0 0 0
25 0 1 0 0
30 0 0 0 0
29 0 0 0 0
26 0 0 0 0
20 0 0 0 0
30 1 0 0 0
23 0 0 0 0
24 0 0 0 0
26 0 0 0 0
22 0 0 0 0
35 1 0 0 0
22 0 0 0 0
33 0 0 0 0
26 0 0 0 0
25 0 0 0 0
26 0 0 0 0
25 0 0 0 0
26 0 0 0 0
26 0 0 0 0
29 0 0 0 0
32 1 0 0 0
27 0 0 0 0
34 2 0 0 0
26 0 0 0 0
29 0 0 0 0
27 2 0 0 0
12 0 0 0 0
32 1 0 0 0
34 1 0 0 0
22 0 0 0 0
29 1 0 0 0
32 1 0 0 0
30 0 0 0 0
25 0 0 0 0
32 1 0 0 0
28 0 0 0 0
15 0 0 0 0
25 0 0 0 0
32 2 0 0 0
33 1 0 0 0
33 0 0 0 0
27 0 0 0 0
23 0 0 0 0
35 3 0 0 0
33 0 0 0 0
26 0 0 0 0
23 1 0 0 0
28 1 0 0 0
13 0 0 0 0
21 0 0 0 0
30 1 0 0 0
27 0 0 0 0
31 1 0 0 0
32 1 0 0 0
24 0 0 0 0
28 1 0 0 0
29 1 0 0 0
28 0 0 0 0
30 1 0 0 0
42 5 0 0 0
22 0 0 0 0
32 3 0 0 0
35 2 0 0 0
25 2 0 0 0
26 0 0 0 0
26 0 0 0 0
37 1 0 0 0
29 1 0 0 0
36 1 0 0 0
25 1 0 0 0
29 0 0 0 0
38 3 0 0 0
29 1 0 0 0
34 1 0 0 0
39 3 0 0 0
31 1 0 0 0
27 0 0 0 0
27 0 0 0 0
31 0 0 0 0
25 0 0 0 0
35 0 0 0 0
23 0 1 0 0
24 1 0 0 0
32 1 0 0 0
32 2 0 0 0
33 0 0 0 0
31 0 0 0 0
22 0 0 0 0
32 0 0 0 0
28 2 0 0 0
20 0 0 0 0
29 1 0 0 0
30 1 0 0 0
31 1 0 0 0
29 0 0 0 0
35 0 0 0 0
14 0 0 0 0
31 1 0 0 0
32 0 0 0 0
34 1 0 0 0
31 0 0 0 0
24 0 0 0 0
30 0 0 0 0
22 0 0 0 0
34 3 0 0 0
28 2 0 0 0
29 1 0 0 0
28 0 0 0 0
34 0 0 0 0
32 1 0 0 0
27 0 0 0 0
26 0 0 0 0
29 1 0 0 0
31 2 0 0 0
35 2 0 0 0
36 2 0 0 0
32 2 1 0 0
29 1 0 0 0
29 0 0 0 0
33 2 0 0 0
28 0 0 0 0
25 0 0 0 0
23 0 0 0 0
33 1 0 0 0
26 2 0 0 0
27 1 0 0 0
30 0 0 0 0
32 1 0 0 0
33 2 0 0 0
34 1 0 0 0
32 1 0 0 0
30 1 0 0 0
41 7 0 0 0
31 0 0 0 0
29 0 0 0 0
32 1 0 0 0
29 0 0 0 0
31 1 0 0 0
27 0 0 0 0
33 0 0 0 0
33 0 0 0 0
29 0 0 0 0
26 0 0 0 0
25 0 0 0 0
28 0 0 0 0
38 2 0 0 0
27 0 0 0 0
30 2 0 0 0
30 0 0 0 0
36 0 0 0 0
29 0 0 0 0
28 0 0 0 0
24 0 0 0 0
30 1 0 0 0
31 0 0 0 0
28 1 0 0 0
40 4 0 0 0
29 1 0 0 0
28 0 0 0 0
32 0 0 0 0
34 0 0 0 0
32 0 0 0 0
32 4 0 0 0
30 0 0 0 0
34 0 0 0 0
33 2 0 0 0
25 0 0 0 0
22 1 0 0 0
29 0 0 0 0
32 1 0 0 0
33 1 0 0 0
32 2 0 0 0
29 0 0 0 0
31 2 0 0 0
39 3 0 0 0
24 0 0 0 0
23 0 0 0 0
25 0 0 0 0
42 3 0 0 0
35 3 0 0 0
36 2 0 0 0
36 3 0 0 0
30 0 1 0 0
37 1 0 0 0
27 1 0 0 0
37 3 0 0 0
25 0 0 0 0
36 2 0 0 0
33 1 0 0 0
35 2 0 0 0
30 0 0 0 0
37 2 0 0 0
37 1 0 0 0
28 0 0 0 0
26 0 0 0 0
33 1 0 0 0
33 1 0 0 0
28 1 0 0 0
24 1 0 0 0
22 0 0 0 0
13 0 0 0 0
28 0 0 0 0
24 0 0 0 0
32 1 0 0 0
32 3 0 0 0
31 0 0 0 0
31 2 0 0 0
32 1 0 0 0
17 0 0 0 0
35 3 0 0 0
30 0 0 0 0
31 0 0 0 0
37 2 0 0 0
33 1 0 0 0
35 2 0 0 0
37 3 0 0 0
29 1 0 0 0
35 1 0 0 0
31 1 0 0 0
25 0 0 0 0
35 2 0 0 0
34 0 0 0 0
32 1 0 0 0
38 2 0 0 0
37 2 0 0 0
35 1 0 0 0
28 0 0 0 0
36 1 0 0 0
38 3 0 0 0
41 2 1 0 0
30 0 0 0 0
29 0 0 0 0
27 1 0 0 0
32 1 0 0 0
24 0 0 0 0
37 3 0 0 0
33 0 0 0 0
29 1 0 0 0
33 1 0 0 0
37 0 0 0 0
35 1 0 0 0
26 1 0 0 0
28 0 0 0 0
36 1 0 0 0
36 2 0 0 0
25 0 0 0 0
37 4 0 0 0
32 2 0 0 0
32 2 0 0 0
31 3 0 0 0
32 1 0 0 0
37 2 0 0 0
32 0 0 0 0
31 1 0 0 0
34 0 0 0 0
37 2 1 0 0
37 2 0 0 0
27 2 0 0 0
29 0 0 0 0
37 0 1 0 0
43 4 0 0 0
33 3 0 0 0
40 4 0 0 0
33 1 0 0 0
37 3 0 0 0
33 1 0 0 0
38 2 0 0 0
39 2 0 0 0
34 1 0 0 0
36 1 0 0 0
41 2 0 0 0
31 0 0 0 0
32 0 0 0 0
29 0 0 0 0
31 0 0 0 0
31 1 0 0 0
30 1 0 0 0
35 2 0 0 0
32 0 0 0 0
28 0 0 0 0
32 1 0 0 0
32 1 0 0 0
27 1 0 0 0
24 0 0 0 0
28 1 0 0 0
36 5 0 0 0
33 2 0 0 0
35 3 0 0 0
35 2 0 0 0
34 1 0 0 0
33 0 0 0 0
30 0 0 0 0
29 3 0 0 0
40 4 0 0 0
29 0 0 0 0
34 2 0 0 0
31 2 0 0 0
33 2 0 0 0
29 0 0 0 0
32 2 0 0 0
34 1 0 0 0
35 2 0 0 0
35 4 0 0 0
26 2 0 0 0
31 0 0 0 0
31 1 0 0 0
34 1 0 0 0
27 1 0 0 0
36 1 1 0 0
35 4 0 0 0
39 4 0 0 0
41 3 1 0 0
29 2 0 0 0
31 0 0 0 0
36 4 0 0 0
32 1 0 0 0
28 2 0 0 0
28 1 0 0 0
34 2 0 0 0
38 4 0 0 0
27 1 0 0 0
36 3 0 0 0
35 2 0 0 0
30 1 0 0 0
31 1 0 0 0
49 7 0 0 0
28 3 0 0 0
35 2 0 0 0
33 1 0 0 0
33 1 0 0 0
31 0 0 0 0
36 4 0 0 0
32 1 0 0 0
35 2 0 0 0
34 1 0 0 0
37 2 0 0 0
31 0 0 0 0
36 0 0 0 0
41 3 0 0 0
41 6 0 0 0
41 4 0 0 0
37 1 0 0 0
37 2 0 0 0
40 3 0 0 0
34 2 0 0 0
35 4 0 0 0
48 5 1 0 0
31 0 0 0 0
34 1 0 0 0
38 3 0 0 0
34 2 0 0 0
38 2 0 0 0
33 2 0 0 0
30 0 0 0 0
32 3 0 0 0
36 1 0 0 0
33 1 0 0 0
34 3 0 0 0
36 3 0 0 0
35 1 0 0 0
36 1 0 0 0
36 1 0 0 0
38 3 0 0 0
38 3 0 0 0
36 2 0 0 0
33 1 0 0 0
20 0 0 0 0
35 3 0 0 0
41 4 0 0 0
34 0 0 0 0
39 4 0 0 0
31 1 0 0 0
39 2 0 0 0
34 1 0 0 0
38 5 0 0 0
41 4 1 0 0
30 1 0 0 0
43 3 1 0 0
32 2 0 0 0
33 0 0 0 0
36 4 0 0 0
16 0 0 0 0
35 2 0 0 0
34 0 0 0 0
27 1 0 0 0
36 2 0 0 0
44 4 0 0 0
40 3 0 0 0
41 6 0 0 0
35 2 0 0 0
37 2 0 0 0
41 1 0 0 0
39 3 0 0 0
33 0 0 0 0
32 1 0 0 0
24 0 0 0 0
37 2 0 0 0
41 3 0 0 0
35 0 0 0 0
39 1 1 0 0
40 3 0 0 0
36 2 0 0 0
36 3 0 0 0
36 2 0 0 0
37 0 0 0 0
35 1 0 0 0
41 1 1 0 0
42 1 1 0 0
33 0 0 0 0
37 3 0 0 0
38 1 0 0 0
28 1 0 0 0
37 2 0 0 0
39 1 0 0 0
40 1 1 0 0
47 3 2 0 0
34 1 0 0 0
40 3 0 0 0
31 1 0 0 0
34 2 0 0 0
36 1 0 0 0
39 2 0 0 0
32 0 0 0 0
37 4 0 0 0
23 0 0 0 0
33 1 0 0 0
36 1 0 0 0
42 2 1 0 0
44 5 0 0 0
41 4 0 0 0
34 4 0 0 0
36 2 0 0 0
39 5 0 0 0
39 3 0 0 0
33 3 0 0 0
35 3 1 0 0
33 0 0 0 0
37 3 0 0 0
36 8 0 0 0
40 5 0 0 0
37 3 0 0 0
47 8 0 0 0
40 2 0 0 0
43 4 0 0 0
18 0 0 0 0
43 4 0 0 0
27 1 0 0 0
37 2 0 0 0
39 4 0 0 0
41 2 1 0 0
41 2 1 0 0
42 4 0 0 0
34 2 0 0 0
38 5 0 0 0
32 0 0 0 0
33 0 0 0 0
39 3 0 0 0
39 2 0 0 0
38 3 0 0 0
36 3 0 0 0
39 1 1 0 0
52 11 0 0 0
33 0 0 0 0
39 2 0 0 0
37 3 0 0 0
38 1 0 0 0
41 3 0 0 0
33 0 0 0 0
40 2 0 0 0
37 1 0 0 0
49 9 0 0 0
36 2 0 0 0
33 0 0 0 0
36 2 0 0 0
33 2 0 0 0
39 3 0 0 0
51 9 1 0 0
40 2 1 0 0
38 5 0 0 0
41 6 0 0 0
32 0 0 0 0
36 2 0 0 0
42 5 0 0 0
32 1 0 0 0
34 1 0 0 0
40 1 1 0 0
33 1 0 0 0
42 3 1 0 0
43 4 0 0 0
38 3 0 0 0
42 5 0 0 0
33 1 0 0 0
41 3 0 0 0
23 0 0 0 0
34 4 0 0 0
43 3 1 0 0
42 4 0 0 0
41 1 1 0 0
37 2 0 0 0
42 5 0 0 0
36 3 0 0 0
38 0 1 0 0
38 4 0 0 0
39 1 0 0 0
42 4 0 0 0
45 3 1 0 0
36 0 0 0 0
42 5 0 0 0
41 5 0 0 0
34 1 0 0 0
40 3 0 0 0
41 0 1 0 0
41 4 0 0 0
39 4 0 0 0
41 3 0 0 0
31 1 0 0 0
33 2 0 0 0
36 3 0 0 0
45 6 0 0 0
37 3 0 0 0
29 0 0 0 0
43 5 0 0 0
43 5 1 0 0
38 3 0 0 0
33 0 0 0 0
42 6 0 0 0
35 3 0 0 0
42 2 1 0 0
42 4 0 0 0
38 3 0 0 0
41 4 0 0 0
39 4 0 0 0
36 1 0 0 0
44 6 0 0 0
38 1 0 0 0
52 11 0 0 0
36 3 0 0 0
41 3 0 0 0
33 1 0 0 0
42 7 0 0 0
38 4 0 0 0
41 3 0 0 0
68 14 1 1 0
41 4 0 0 0
39 0 1 0 0
47 6 0 0 0
37 1 0 0 0
40 3 0 0 0
35 1 0 0 0
37 4 0 0 0
40 4 0 0 0
54 12 0 0 0
41 3 0 0 0
49 3 2 0 0
44 5 1 0 0
35 1 0 0 0
40 2 0 0 0
39 1 0 0 0
48 8 0 0 0
38 1 0 0 0
40 1 0 0 0
38 3 0 0 0
36 1 0 0 0
29 1 0 0 0
38 3 0 0 0
55 12 0 0 0
33 0 0 0 0
37 3 0 0 0
43 4 1 0 0
42 0 1 0 0
37 1 0 0 0
35 1 0 0 0
35 0 0 0 0
43 4 0 0 0
45 3 1 0 0
44 5 0 0 0
39 2 0 0 0
42 5 0 0 0
49 4 1 0 0
37 1 0 0 0
35 1 0 0 0
44 5 0 0 0
42 4 0 0 0
48 8 0 0 0
40 3 0 0 0
42 5 0 0 0
36 1 0 0 0
40 6 0 0 0
50 7 1 0 0
38 6 0 0 0
41 4 0 0 0
39 2 0 0 0
44 4 0 0 0
45 5 0 0 0
43 5 0 0 0
44 3 0 0 0
48 7 0 0 0
39 6 0 0 0
62 8 1 1 0
43 5 0 0 0
39 2 0 0 0
41 6 0 0 0
43 4 0 0 0
40 3 0 0 0
47 5 0 0 0
38 2 0 0 0
53 9 1 0 0
37 1 0 0 0
45 5 0 0 0
42 7 0 0 0
39 1 0 0 0
39 2 0 0 0
43 5 0 0 0
40 2 0 0 0
43 3 0 0 0
43 2 1 0 0
51 10 0 0 0
44 3 1 0 0
63 16 1 0 0
37 1 0 0 0
40 4 0 0 0
40 4 0 0 0
50 9 0 0 0
44 5 0 0 0
38 4 0 0 0
47 4 1 0 0
35 0 0 0 0
44 4 1 0 0
49 8 0 0 0
48 7 0 0 0
41 2 1 0 0
63 15 1 0 0
48 6 0 0 0
38 2 0 0 0
44 5 0 0 0
51 7 1 0 0
47 8 0 0 0
40 2 0 0 0
37 1 0 0 0
41 3 0 0 0
43 1 1 0 0
37 2 0 0 0
39 3 0 0 0
43 4 0 0 0
58 8 2 0 0
51 8 0 0 0
47 8 0 0 0
43 5 0 0 0
46 4 1 0 0
40 3 0 0 0
43 4 0 0 0
37 0 0 0 0
37 0 0 0 0
38 3 0 0 0
37 0 0 0 0
43 3 1 0 0
41 2 0 0 0
43 2 1 0 0
55 10 1 0 0
43 1 1 0 0
62 10 2 0 0
44 5 0 0 0
45 5 0 0 0
35 3 0 0 0
41 6 0 0 0
34 3 0 0 0
44 4 1 0 0
56 7 0 1 0
47 4 1 0 0
60 10 2 0 0
44 2 0 0 0
49 5 1 0 0
39 1 1 0 0
51 6 1 0 0
43 3 0 0 0
42 4 0 0 0
47 7 0 0 0
54 8 1 0 0
50 4 1 0 0
47 5 2 0 0
42 4 0 0 0
52 6 2 0 0
47 4 1 0 0
40 4 0 0 0
48 5 0 1 0
48 8 0 0 0
34 3 0 0 0
35 0 0 0 0
42 3 1 0 0
47 8 0 0 0
32 1 0 0 0
48 5 1 0 0
50 3 2 0 0
52 7 1 0 0
50 4 1 0 0
52 5 2 0 0
41 2 0 0 0
36 1 0 0 0
47 4 0 0 0
37 1 0 0 0
61 10 2 0 0
42 2 1 0 0
43 5 0 0 0
47 5 1 0 0
44 5 0 0 0
54 1 2 1 0
39 3 0 0 0
51 5 1 0 0
40 3 0 0 0
37 1 0 0 0
56 11 0 0 0
43 2 0 0 0
38 1 0 0 0
54 10 0 0 0
40 2 0 0 0
51 10 0 0 0
39 2 0 0 0
43 4 0 0 0
38 1 0 0 0
42 3 0 0 0
42 5 0 0 0
45 5 0 0 0
38 3 0 0 0
44 9 0 0 0
62 13 0 1 0
38 2 0 0 0
53 10 0 0 0
48 6 0 1 0
49 7 0 0 0
59 10 2 0 0
43 5 0 0 0
55 11 0 0 0
44 3 1 0 0
50 9 0 0 0
46 6 0 0 0
44 4 0 0 0
42 4 1 0 0
42 4 0 0 0
45 6 0 0 0
44 5 0 0 0
38 3 0 0 0
43 5 0 0 0
42 3 0 0 0
41 3 0 0 0
63 11 2 0 0
47 7 0 0 0
49 7 0 0 0
50 6 0 0 0
49 8 0 0 0
55 6 2 0 0
56 8 0 1 0
51 11 0 0 0
44 6 0 0 0
45 6 0 0 0
38 2 0 0 0
56 11 1 0 0
43 4 0 0 0
51 4 3 0 0
52 12 0 0 0
43 4 0 0 0
55 13 0 0 0
41 1 0 0 0
45 4 1 0 0
44 6 0 0 0
41 2 0 0 0
45 6 0 0 0
45 5 0 0 0
52 10 0 0 0
43 2 0 0 0
53 6 1 0 0
48 6 0 0 0
46 2 1 0 0
47 0 2 0 0
45 5 1 0 0
47 4 1 0 0
39 1 1 0 0
41 3 0 0 0
44 7 0 0 0
46 8 0 0 0
49 10 0 0 0
43 6 0 0 0
39 3 1 0 0
46 8 0 0 0
37 2 0 0 0
41 5 0 0 0
45 5 1 0 0
37 2 0 0 0
54 13 0 0 0
44 7 0 0 0
36 4 0 0 0
45 5 0 0 0
46 6 0 0 0
49 9 0 0 0
49 8 0 0 0
51 7 1 0 0
40 4 0 0 0
64 15 1 0 0
52 10 1 0 0
59 19 0 0 0
39 4 0 0 0
43 2 2 0 0
45 8 0 0 0
43 7 0 0 0
40 4 0 0 0
56 11 2 0 0
57 12 0 0 0
45 8 0 0 0
39 1 0 0 0
56 8 1 0 0
40 2 0 0 0
55 7 1 0 0
45 6 0 0 0
53 7 1 0 0
49 13 0 0 0
45 9 0 0 0
53 9 1 0 0
58 10 2 0 0
40 3 0 0 0
53 12 0 0 0
71 13 4 0 0
74 21 2 0 0
46 8 0 0 0
55 13 0 0 0
43 4 0 0 0
46 7 0 0 0
54 12 0 0 0
50 11 0 0 0
42 4 0 0 0
39 4 0 0 0
96 35 2 0 0
34 1 0 0 0
41 4 0 0 0
50 8 0 0 0
53 7 1 0 0
49 7 1 0 0
54 10 0 0 0
45 3 1 0 0
50 8 0 0 0
47 9 0 0 0
40 4 0 0 0
48 7 1 0 0
52 11 0 0 0
44 7 0 0 0
50 11 0 0 0
53 9 1 0 0
43 5 0 0 0
48 8 0 0 0
47 8 0 0 0
40 5 0 0 0
39 5 0 0 0
43 6 0 0 0
56 15 0 0 0
43 7 0 0 0
36 4 0 0 0
46 9 0 0 0
53 11 1 0 0
46 9 0 0 0
35 2 0 0 0
36 2 0 0 0
46 7 0 0 0
53 11 1 0 0
57 9 2 0 0
38 2 0 0 0
53 9 0 0 0
55 8 1 0 0
62 18 0 0 0
36 4 0 0 0
33 0 0 0 0
45 5 1 0 0
38 2 0 0 0
43 7 0 0 0
46 6 0 0 0
42 4 0 0 0
49 9 0 0 0
49 9 0 0 0
57 13 1 0 0
42 3 1 0 0
44 8 0 0 0
63 15 1 0 0
39 5 0 0 0
35 2 0 0 0
42 6 0 0 0
41 4 1 0 0
50 9 1 0 0
40 3 1 0 0
43 7 0 0 0
73 24 0 0 0
38 5 0 0 0
39 3 0 0 0
52 13 0 0 0
50 8 1 0 0
43 3 1 0 0
44 4 0 0 0
49 5 0 1 0
34 1 0 0 0
42 4 0 0 0
58 16 0 0 0
39 3 0 0 0
42 6 0 0 0
47 6 1 0 0
46 8 0 0 0
43 6 0 0 0
44 6 0 0 0
46 5 1 0 0
40 4 0 0 0
52 11 0 0 0
48 7 0 0 0
40 4 0 0 0
41 3 0 0 0
47 7 1 0 0
40 4 0 0 0
40 4 0 0 0
60 9 1 1 0
51 11 0 0 0
43 5 0 0 0
49 9 0 0 0
41 4 0 0 0
47 6 0 0 0
56 8 2 0 0
56 13 1 0 0
38 3 0 0 0
47 9 0 0 0
57 11 1 0 0
46 7 0 0 0
44 6 0 0 0
56 13 0 0 0
45 7 0 0 0
39 4 0 0 0
51 6 1 0 0
50 8 0 0 0
45 7 0 0 0
46 6 0 0 0
67 14 2 0 0
52 9 1 0 0
43 7 0 0 0
43 4 0 0 0
61 14 1 0 0
47 6 0 0 0
44 5 0 0 0
53 12 0 0 0
54 14 0 0 0
42 6 0 0 0
47 5 0 0 0
41 5 0 0 0
42 7 0 0 0
47 9 0 0 0
62 15 1 0 0
55 10 0 0 0
41 4 0 0 0
57 10 1 0 0
40 3 0 0 0
53 9 0 0 0
51 10 0 0 0
54 11 0 0 0
51 12 0 0 0
54 12 0 0 0
65 15 2 0 0
50 8 1 0 0
42 7 0 0 0
46 7 0 0 0
50 8 0 0 0
50 5 1 1 0
55 13 0 0 0
79 21 2 0 0
55 8 1 0 0
49 8 0 0 0
62 14 1 0 0
64 14 2 0 0
52 9 0 1 0
103 34 2 1 0
49 10 0 0 0
53 10 0 0 0
41 5 0 0 0
68 16 1 0 0
53 13 0 0 0
44 4 0 0 0
58 14 0 0 0
64 18 0 0 0
45 4 0 0 0
65 15 1 0 0
53 6 2 0 0
62 7 4 0 0
47 8 0 0 0
47 9 0 0 0
47 6 0 0 0
44 1 1 0 0
57 12 1 0 0
52 6 1 0 0
40 3 0 0 0
39 5 0 0 0
45 4 0 0 0
48 8 0 0 0
42 6 0 0 0
50 9 0 0 0
52 4 2 0 0
55 9 1 0 0
43 4 0 0 0
48 8 1 0 0
49 7 1 0 0
45 6 0 0 0
44 8 0 0 0
39 4 0 0 0
42 6 0 0 0
64 10 3 0 0
56 13 0 0 0
46 5 1 0 0
54 10 0 0 0
51 8 1 0 0
59 14 0 0 0
52 12 0 0 0
56 14 0 0 0
57 14 0 0 0
63 18 0 0 0
46 5 0 0 0
52 8 1 0 0
72 16 3 0 0
52 11 1 0 0
38 3 0 0 0
63 14 2 0 0
34 1 0 0 0
50 8 1 0 0
36 3 0 0 0
41 5 0 0 0
39 3 0 0 0
46 9 0 0 0
57 14 0 0 0
51 8 1 0 0
56 13 1 0 0
44 5 0 0 0
33 1 0 0 0
39 4 0 0 0
51 7 1 0 0
42 2 1 0 0
48 8 0 0 0
49 7 1 0 0
44 7 0 0 0
44 7 0 0 0
42 8 0 0 0
79 12 6 0 0
46 9 0 0 0
46 9 0 0 0
50 8 0 0 0
41 5 0 0 0
47 4 1 0 0
59 10 1 1 0
39 4 0 0 0
52 11 1 0 0
42 6 0 0 0
49 8 0 0 0
60 14 1 0 0
50 10 0 0 0
68 17 2 0 0
52 12 0 0 0
42 5 0 0 0
53 6 2 0 0
53 8 2 0 0
56 9 2 0 0
38 2 0 0 0
52 7 1 0 0
46 7 0 0 0
43 6 0 0 0
64 8 2 1 0
48 7 0 0 0
60 19 0 0 0
49 6 1 0 0
46 6 0 0 0
42 5 0 0 0
41 6 0 0 0
52 6 2 0 0
52 9 1 0 0
55 10 1 0 0
51 8 1 0 0
52 6 3 0 0
44 4 1 0 0
59 9 1 1 0
52 10 0 0 0
50 11 0 0 0
81 23 3 0 0
38 4 0 0 0
53 13 0 0 0
52 9 1 0 0
50 6 1 0 0
38 4 0 0 0
44 5 1 0 0
41 5 0 0 0
48 9 0 0 0
57 10 0 1 0
41 6 0 0 0
57 11 1 0 0
49 7 0 0 0
47 7 0 0 0
47 7 1 0 0
41 4 0 0 0
57 14 1 0 0
44 5 1 0 0
44 4 0 0 0
50 11 0 0 0
51 6 2 0 0
52 12 0 0 0
48 5 1 0 0
44 6 0 0 0
39 1 1 0 0
51 11 1 0 0
44 6 0 0 0
52 4 3 0 0
53 13 0 0 0
47 10 0 0 0
59 10 2 0 0
44 7 0 0 0
49 10 0 0 0
43 6 0 0 0
40 6 0 0 0
54 14 0 0 0
58 10 2 0 0
52 7 2 0 0
43 7 0 0 0
60 16 0 0 0
44 7 0 0 0
46 3 2 0 0
50 11 0 0 0
50 10 1 0 0
46 9 0 0 0
38 3 0 0 0
51 12 0 0 0
49 9 1 0 0
43 7 0 0 0
46 5 1 0 0
72 23 1 0 0
42 5 0 0 0
43 7 0 0 0
49 9 0 0 0
45 9 0 0 0
47 8 0 0 0
58 13 1 0 0
44 4 0 0 0
55 10 1 0 0
57 6 3 0 0
53 10 0 0 0
40 2 0 0 0
50 4 2 0 0
61 10 2 0 0
40 2 1 0 0
43 4 1 0 0
45 7 0 0 0
47 7 0 0 0
43 3 0 0 0
53 11 1 0 0
56 10 1 0 0
51 10 1 0 0
50 5 0 1 0
67 15 3 0 0
53 3 4 0 0
46 7 0 0 0
54 11 1 0 0
58 8 2 0 0
48 9 0 0 0
44 2 1 0 0
51 5 0 0 1
53 13 0 0 0
64 13 2 0 0
46 7 0 0 0
42 6 0 0 0
53 12 0 0 0
51 11 0 0 0
41 2 1 0 0
64 18 1 0 0
48 7 0 0 0
38 5 0 0 0
49 9 0 0 0
51 8 1 0 0
58 17 0 0 0
63 6 5 0 0
55 11 1 0 0
49 10 0 0 0
46 7 1 0 0
47 10 0 0 0
39 5 0 0 0
42 6 0 0 0
60 11 2 0 0
43 6 0 0 0
54 14 0 0 0
48 9 0 0 0
43 2 2 0 0
45 10 0 0 0
49 6 1 0 0
47 8 1 0 0
45 5 0 0 0
49 4 2 0 0
58 13 1 0 0
53 9 1 0 0
47 7 0 0 0
78 18 4 0 0
40 4 0 0 0
55 7 2 0 0
63 17 0 0 0
54 12 0 0 0
42 5 0 0 0
45 5 0 0 0
54 9 1 0 0
46 5 0 0 0
54 11 0 0 0
48 9 0 0 0
89 25 3 0 0
55 13 0 0 0
36 2 0 0 0
53 16 0 0 0
47 6 1 0 0
59 10 2 0 0
55 11 0 0 0
56 13 0 0 0
61 16 1 0 0
54 12 1 0 0
51 9 0 0 0
61 13 1 0 0
39 3 0 0 0
48 9 0 0 0
45 8 0 0 0
51 12 0 0 0
43 8 0 0 0
53 9 0 0 0
51 9 0 0 0
59 15 1 0 0
69 20 1 0 0
65 18 1 0 0
45 8 0 0 0
44 8 0 0 0
46 7 0 0 0
46 9 0 0 0
42 5 0 0 0
35 2 0 0 0
41 5 0 0 0
43 7 0 0 0
46 9 0 0 0
54 13 0 0 0
60 15 1 0 0
76 26 1 0 0
39 4 0 0 0
59 19 0 0 0
45 10 0 0 0
45 7 0 0 0
54 10 1 0 0
64 12 2 0 0
54 8 1 0 0
56 12 0 0 0
47 6 0 0 0
68 14 2 0 0
48 6 1 0 0
49 10 1 0 0
42 4 0 0 0
44 8 0 0 0
50 9 0 0 0
39 7 0 0 0
38 3 0 0 0
49 9 1 0 0
54 10 1 0 0
49 8 0 0 0
43 5 0 0 0
47 8 0 0 0
56 12 1 0 0
44 6 0 0 0
53 6 2 0 0
48 8 0 0 0
