21 0 0 0 0
22 0 0 0 0
23 0 0 0 0
19 0 0 0 0
16 0 0 0 0
16 0 0 0 0
16 0 0 0 0
25 1 0 0 0
19 0 0 0 0
17 0 0 0 0
22 0 0 0 0
27 0 0 0 0
21 0 0 0 0
16 0 0 0 0
22 0 0 0 0
24 0 0 0 0
25 0 0 0 0
22 0 0 0 0
18 0 0 0 0
18 0 0 0 0
24 0 0 0 0
15 0 0 0 0
24 1 0 0 0
16 0 0 0 0
20 0 0 0 0
19 0 0 0 0
22 0 0 0 0
25 0 0 0 0
21 0 0 0 0
21 0 0 0 0
24 0 0 0 0
24 0 0 0 0
16 0 0 0 0
24 0 0 0 0
22 0 0 0 0
19 0 0 0 0
20 0 0 0 0
27 0 0 0 0
24 0 0 0 0
22 0 0 0 0
24 0 0 0 0
15 0 0 0 0
15 0 0 0 0
28 0 0 0 0
22 0 0 0 0
23 0 0 0 0
29 0 0 0 0
26 0 0 0 0
17 0 0 0 0
25 1 0 0 0
30 1 0 0 0
22 0 0 0 0
19 0 0 0 0
19 0 0 0 0
28 1 0 0 0
26 0 0 0 0
28 0 0 0 0
23 0 0 0 0
27 0 0 0 0
21 0 0 0 0
24 0 0 0 0
23 0 0 0 0
22 0 0 0 0
28 0 0 0 0
27 1 0 0 0
28 0 0 0 0
20 0 0 0 0
19 0 0 0 0
35 2 0 0 0
23 0 0 0 0
17 0 0 0 0
27 1 0 0 0
32 1 0 0 0
31 1 0 0 0
27 0 0 0 0
34 0 0 0 0
26 0 0 0 0
18 0 0 0 0
22 0 0 0 0
29 0 0 0 0
30 0 0 0 0
21 0 0 0 0
23 0 0 0 0
22 0 0 0 0
33 0 0 0 0
23 0 0 0 0
34 2 0 0 0
30 0 0 0 0
24 0 0 0 0
24 0 0 0 0
30 0 0 0 0
25 1 0 0 0
22 0 0 0 0
29 0 1 0 0
17 0 0 0 0
34 1 1 0 0
20 0 0 0 0
33 2 0 0 0
30 0 0 0 0
22 1 0 0 0
29 0 0 0 0
24 0 0 0 0
35 2 0 0 0
35 2 0 0 0
28 0 0 0 0
25 1 0 0 0
26 0 0 0 0
35 2 0 0 0
36 0 0 0 0
32 1 0 0 0
37 4 0 0 0
35 2 0 0 0
42 1 1 0 0
38 5 0 0 0
38 3 0 0 0
32 1 0 0 0
39 1 0 0 0
40 1 1 0 0
32 1 0 0 0
28 1 0 0 0
30 0 0 0 0
42 5 0 0 0
36 3 0 0 0
42 3 0 0 0
39 3 1 0 0
43 2 1 0 0
42 3 1 0 0
43 2 1 0 0
34 0 0 0 0
35 4 0 0 0
25 0 0 0 0
40 4 0 0 0
29 0 0 0 0
37 4 0 0 0
34 1 0 0 0
43 5 0 0 0
34 4 0 0 0
30 2 0 0 0
47 6 0 0 0
29 1 1 0 0
45 3 2 0 0
43 5 1 0 0
31 1 0 0 0
46 11 0 0 0
50 4 2 0 0
39 5 0 0 0
42 3 0 0 0
46 9 1 0 0
31 0 0 0 0
40 8 0 0 0
57 13 0 0 0
35 6 0 0 0
49 6 1 0 0
36 2 0 0 0
50 9 1 0 0
39 6 0 0 0
36 4 0 0 0
37 3 0 0 0
34 3 0 0 0
41 7 1 0 0
30 1 0 0 0
35 3 0 0 0
64 19 1 0 0
37 2 1 0 0
50 9 1 0 0
79 18 3 2 0
55 6 4 0 0
53 13 2 0 0
67 11 2 1 0
37 5 0 0 0
54 6 2 0 0
55 6 2 0 0
65 7 2 2 0
43 7 0 0 0
31 3 0 0 0
58 12 3 0 0
74 14 4 0 0
41 6 1 0 0
32 4 0 0 0
51 6 2 0 0
53 10 3 0 0
92 18 6 0 1
45 6 2 0 0
53 9 3 0 0
37 1 2 0 0
65 8 3 1 0
65 15 3 0 0
64 17 1 0 0
59 10 2 1 0
86 18 6 0 0
72 18 3 0 0
69 17 2 0 0
73 15 3 1 0
85 22 3 0 0
67 9 4 0 0
62 17 0 0 0
68 10 5 0 0
61 8 3 0 0
67 12 2 1 0
81 17 3 1 0
