64 15 1 0 0
58 12 1 0 0
81 16 2 2 0
57 9 2 0 0
98 24 5 1 0
71 15 3 0 0
56 8 2 0 0
63 17 2 0 0
54 8 1 0 0
71 6 5 1 0
70 17 3 0 0
70 16 2 0 0
67 12 3 0 0
49 10 0 0 0
45 7 0 0 0
65 13 2 0 0
65 13 2 0 0
73 17 2 1 0
56 10 1 1 0
78 15 4 1 0
76 23 1 0 0
62 8 3 0 0
59 10 2 0 0
71 13 2 1 0
61 14 2 0 0
61 11 1 1 0
74 13 5 0 0
51 8 1 0 0
80 18 5 0 0
74 18 3 0 0
50 7 1 0 0
65 11 2 1 0
49 3 2 0 0
63 11 2 0 0
64 13 3 0 0
54 10 1 0 0
82 17 3 1 0
102 33 2 0 1
53 6 1 0 0
54 11 1 0 0
48 9 0 0 0
62 7 3 0 0
37 3 0 0 0
75 17 3 0 0
62 11 2 0 0
59 18 0 0 0
65 16 1 0 0
47 8 1 0 0
56 9 2 0 0
67 14 2 0 0
68 21 0 0 0
62 14 2 0 0
72 15 5 0 0
85 25 3 1 0
68 13 3 0 0
60 9 3 0 0
61 13 1 0 0
88 12 5 1 1
69 13 4 0 0
97 20 5 0 1
69 14 4 0 0
58 10 2 0 0
49 6 1 0 0
77 18 3 0 0
64 16 0 1 0
56 8 2 0 0
91 27 5 0 0
70 18 2 0 0
51 6 2 0 0
56 6 3 0 0
60 11 1 1 0
55 6 2 0 0
111 29 7 1 0
85 23 3 0 0
82 22 1 1 0
68 13 2 1 0
60 10 2 0 0
71 9 0 3 0
61 13 2 0 0
69 17 3 0 0
78 22 3 0 0
67 18 2 0 0
89 28 3 0 0
69 9 4 1 0
61 13 1 0 0
86 20 5 0 0
71 19 2 0 0
85 23 2 1 0
66 9 3 0 0
68 19 2 0 0
60 19 0 0 0
66 11 2 1 0
46 5 1 0 0
60 14 1 0 0
82 15 6 0 0
68 15 3 0 0
70 19 1 0 0
82 18 2 2 0
79 21 2 0 0
65 14 2 0 0
66 6 5 0 0
65 11 4 0 0
71 12 2 1 0
69 12 2 1 0
53 6 1 0 0
101 33 4 0 0
65 15 2 0 0
94 20 7 0 0
42 6 1 0 0
85 22 5 0 0
54 12 1 0 0
67 12 3 0 0
56 6 1 0 1
50 12 0 0 0
67 15 2 0 0
71 21 1 0 0
73 14 4 0 0
90 29 3 0 0
68 21 1 0 0
67 16 2 1 0
55 10 1 0 0
107 41 3 0 0
111 35 5 1 0
61 11 1 0 0
53 10 0 1 0
71 10 3 1 0
64 9 2 1 0
69 15 3 0 0
58 11 1 0 0
59 9 2 1 0
64 13 3 0 0
61 16 1 0 0
52 12 0 0 0
75 18 3 0 0
76 17 3 0 0
58 10 0 1 0
51 9 0 1 0
56 11 1 0 0
94 24 5 0 0
66 15 2 0 0
80 13 4 2 0
59 11 1 0 0
61 12 2 0 0
54 11 1 0 0
43 4 1 0 0
61 11 2 0 0
53 6 2 0 0
61 12 3 0 0
72 14 2 1 0
66 17 1 1 0
63 15 1 0 0
95 14 5 1 1
64 15 2 0 0
49 10 0 0 0
56 9 1 0 0
88 14 6 1 0
105 24 9 0 0
98 28 5 0 0
77 13 1 1 1
67 18 1 0 0
62 6 3 1 0
49 6 1 0 0
50 9 0 0 0
71 10 3 1 0
77 14 3 1 0
59 10 3 0 0
46 8 1 0 0
76 17 4 0 0
49 9 0 0 0
60 12 2 0 0
63 12 2 0 0
49 8 1 0 0
73 21 2 0 0
71 16 3 0 0
60 13 1 0 0
55 10 1 0 0
55 10 1 0 0
75 19 1 1 0
67 8 3 1 0
58 13 1 0 0
58 9 2 0 0
46 4 1 0 0
54 7 2 0 0
