53 2 1 1 0
46 2 1 0 0
49 5 1 0 0
38 0 1 0 0
33 0 0 0 0
41 2 0 0 0
58 9 1 1 0
36 1 0 0 0
39 4 0 0 0
46 5 1 0 0
39 0 0 0 0
43 3 0 0 0
42 5 0 0 0
35 0 0 0 0
39 4 0 0 0
44 5 0 0 0
38 2 0 0 0
46 5 0 0 0
40 2 1 0 0
47 3 1 0 0
42 2 0 1 0
40 1 0 0 0
73 9 3 0 1
33 1 0 0 0
56 8 1 0 0
36 2 0 0 0
45 2 1 0 0
43 2 0 0 0
47 4 0 0 0
42 4 0 0 0
43 2 1 0 0
37 2 0 0 0
70 7 2 1 1
41 5 0 0 0
36 1 0 0 0
44 4 0 1 0
52 6 1 0 0
39 1 1 0 0
44 3 0 0 0
43 5 0 0 0
41 3 0 0 0
44 3 0 0 0
59 5 3 0 0
37 5 0 0 0
53 4 1 1 0
43 3 1 0 0
39 3 0 0 0
45 5 0 0 0
38 0 0 0 0
38 2 0 0 0
50 6 1 0 0
43 4 0 0 0
49 3 1 0 0
36 1 0 0 0
42 4 0 0 0
39 2 0 0 0
39 3 0 0 0
46 5 0 0 0
62 11 3 0 0
46 4 1 0 0
46 6 0 0 0
37 1 0 0 0
42 5 0 0 0
38 3 0 0 0
43 4 0 1 0
48 3 2 0 0
45 4 0 0 0
55 5 1 1 0
42 2 0 0 0
42 3 0 0 0
