21 0 0 0 0
19 0 0 0 0
16 0 0 0 0
14 0 0 0 0
21 0 0 0 0
15 0 0 0 0
14 0 0 0 0
21 0 0 0 0
23 0 0 0 0
16 0 0 0 0
21 0 0 0 0
22 0 0 0 0
21 0 0 0 0
25 0 0 0 0
19 0 0 0 0
19 0 0 0 0
20 0 0 0 0
20 0 0 0 0
21 0 0 0 0
18 0 0 0 0
19 0 0 0 0
21 0 0 0 0
19 0 0 0 0
16 0 0 0 0
20 0 0 0 0
18 0 0 0 0
17 0 0 0 0
23 0 0 0 0
20 0 0 0 0
17 0 0 0 0
19 0 0 0 0
26 0 0 0 0
25 0 0 0 0
18 0 0 0 0
23 0 0 0 0
21 0 0 0 0
24 0 0 0 0
27 0 0 0 0
26 0 0 0 0
22 0 0 0 0
22 0 0 0 0
21 0 0 0 0
15 0 0 0 0
15 0 0 0 0
23 1 0 0 0
24 0 0 0 0
24 0 0 0 0
22 0 0 0 0
32 1 0 0 0
22 0 0 0 0
28 0 0 0 0
28 0 0 0 0
26 0 0 0 0
21 0 0 0 0
30 0 0 0 0
22 0 0 0 0
23 0 0 0 0
25 0 0 0 0
22 1 0 0 0
26 0 0 0 0
19 0 0 0 0
18 0 0 0 0
20 0 0 0 0
19 0 0 0 0
20 0 0 0 0
31 2 0 0 0
29 0 0 0 0
27 1 0 0 0
29 0 0 0 0
32 0 0 0 0
25 0 0 0 0
23 0 0 0 0
31 1 0 0 0
24 0 0 0 0
26 0 0 0 0
33 1 0 0 0
29 1 0 0 0
28 0 0 0 0
37 1 1 0 0
22 0 0 0 0
22 0 0 0 0
29 0 0 0 0
30 0 0 0 0
35 2 0 0 0
32 0 0 0 0
32 2 0 0 0
33 1 0 0 0
32 0 0 0 0
29 1 0 0 0
29 1 0 0 0
28 0 0 0 0
24 0 0 0 0
29 1 0 0 0
29 0 0 0 0
29 3 0 0 0
23 1 0 0 0
28 0 0 0 0
30 0 0 0 0
34 1 0 0 0
35 0 0 0 0
35 0 0 0 0
28 0 0 0 0
25 1 0 0 0
35 1 0 0 0
23 0 0 0 0
25 0 0 0 0
24 1 0 0 0
28 0 0 0 0
36 1 0 0 0
35 2 0 0 0
31 0 0 0 0
26 0 0 0 0
35 1 1 0 0
38 1 0 0 0
28 0 0 0 0
32 0 0 0 0
28 0 0 0 0
36 4 0 0 0
27 0 0 0 0
37 2 0 0 0
26 1 0 0 0
24 1 0 0 0
34 3 0 0 0
24 0 0 0 0
33 0 0 0 0
26 1 0 0 0
39 1 1 0 0
32 0 0 0 0
31 1 0 0 0
41 3 0 0 0
34 1 0 0 0
30 0 0 0 0
34 2 0 0 0
44 5 0 0 0
43 5 0 0 0
26 0 0 0 0
29 1 0 0 0
35 3 0 0 0
35 2 0 0 0
34 2 0 0 0
41 6 0 0 0
36 2 1 0 0
41 4 1 0 0
47 9 0 0 0
42 5 0 0 0
33 1 0 0 0
44 7 1 0 0
32 3 0 0 0
43 4 2 0 0
39 4 1 0 0
53 7 1 0 1
42 5 1 0 0
36 4 0 0 0
40 6 0 0 0
44 5 1 0 0
41 2 1 0 0
46 5 1 0 0
41 6 0 0 0
38 5 0 0 0
38 6 0 0 0
46 9 1 0 0
58 16 0 0 0
69 18 2 0 0
47 7 1 0 0
58 13 1 0 0
38 6 0 0 0
50 8 1 0 0
58 11 2 0 0
55 7 2 0 0
51 7 1 1 0
50 10 0 0 0
47 5 1 0 0
51 8 1 0 0
51 5 2 0 0
40 4 0 0 0
43 6 0 0 0
47 8 1 0 0
36 6 0 0 0
47 3 1 1 0
42 4 1 0 0
39 4 0 0 0
36 4 0 0 0
37 2 1 0 0
45 6 2 0 0
47 6 1 0 0
40 5 0 0 0
51 5 3 0 0
70 15 4 0 0
48 4 2 0 0
41 4 2 0 0
46 10 0 0 0
63 9 2 1 0
45 9 0 0 0
44 8 0 0 0
40 4 0 0 0
50 5 2 0 0
55 9 2 0 0
52 10 2 0 0
45 9 0 0 0
52 5 1 1 0
