44 6 0 0 0
41 2 0 0 0
60 14 1 0 0
41 2 1 0 0
53 10 0 0 0
45 7 0 0 0
81 20 3 0 0
42 3 1 0 0
39 3 0 0 0
36 2 0 0 0
61 10 2 0 0
48 7 1 0 0
50 5 2 0 0
37 3 0 0 0
38 3 0 0 0
49 7 0 0 0
68 7 5 0 0
45 3 1 0 0
38 1 0 0 0
45 4 1 0 0
43 6 0 0 0
43 6 0 0 0
47 8 0 0 0
55 5 3 0 0
46 4 1 0 0
51 8 1 0 0
44 6 0 0 0
41 5 0 0 0
46 4 1 0 0
55 10 1 0 0
48 3 2 0 0
36 2 0 0 0
43 1 2 0 0
37 1 0 0 0
42 2 1 0 0
41 1 1 0 0
41 4 0 0 0
63 17 0 0 0
40 4 0 0 0
44 5 0 0 0
44 6 0 0 0
44 5 0 0 0
53 7 2 0 0
54 4 3 0 0
46 8 0 0 0
50 8 0 0 0
41 4 0 0 0
39 3 0 0 0
51 8 1 0 0
51 8 1 0 0
39 2 0 0 0
51 10 0 0 0
49 8 0 0 0
67 11 4 0 0
52 8 1 0 0
68 19 1 0 0
85 15 4 0 1
43 1 0 1 0
47 7 0 0 0
41 6 0 0 0
41 4 0 0 0
47 3 2 0 0
61 16 0 0 0
44 2 1 0 0
51 8 0 0 0
45 4 1 0 0
43 2 1 0 0
51 9 0 0 0
44 1 2 0 0
