42 1 1 0 0
35 0 0 0 0
37 1 0 0 0
38 2 0 0 0
44 2 1 0 0
39 3 0 0 0
39 2 0 0 0
38 2 0 0 0
39 3 0 0 0
37 1 0 0 0
35 0 1 0 0
41 2 0 0 0
41 1 1 0 0
37 2 0 0 0
41 3 0 0 0
43 5 0 0 0
39 1 0 0 0
32 0 0 0 0
36 2 0 0 0
36 1 0 0 0
38 2 0 0 0
46 1 0 1 0
37 3 0 0 0
39 1 0 0 0
37 0 0 0 0
43 2 1 0 0
37 2 0 0 0
39 1 1 0 0
40 2 0 0 0
42 3 1 0 0
41 1 0 1 0
48 3 0 1 0
40 2 0 0 0
40 2 0 0 0
42 4 0 0 0
39 0 1 0 0
42 3 0 0 0
45 1 2 0 0
39 1 0 0 0
36 1 0 0 0
40 1 0 0 0
36 0 1 0 0
47 3 1 0 0
45 7 0 0 0
42 2 0 0 0
35 0 0 0 0
37 1 0 0 0
41 1 1 0 0
40 3 0 0 0
44 1 2 0 0
42 4 0 0 0
36 0 0 1 0
42 2 0 0 0
34 1 0 0 0
44 1 1 0 0
40 2 0 0 0
32 1 0 0 0
36 2 0 0 0
37 2 0 0 0
39 3 0 0 0
36 1 0 0 0
34 1 0 0 0
38 3 0 0 0
35 2 0 0 0
40 4 0 0 0
33 0 0 0 0
33 1 0 0 0
39 1 0 0 0
39 1 1 0 0
40 1 0 0 0
36 2 0 0 0
35 2 0 0 0
38 1 0 0 0
35 0 0 0 0
37 1 0 0 0
35 0 0 0 0
38 1 0 0 0
42 3 1 0 0
35 2 0 0 0
32 0 0 0 0
43 4 0 0 0
40 2 0 0 0
49 6 1 0 0
35 1 0 0 0
40 3 0 0 0
40 2 0 0 0
35 1 0 0 0
52 3 1 1 0
34 1 0 0 0
45 3 1 0 0
46 3 1 0 0
37 0 1 0 0
45 3 1 0 0
39 2 0 0 0
36 1 0 0 0
42 5 0 0 0
43 4 0 0 0
39 1 0 0 0
36 0 0 0 0
41 5 0 0 0
51 7 1 0 0
40 3 0 0 0
34 1 0 0 0
34 0 0 0 0
37 1 0 0 0
35 0 0 0 0
46 3 0 1 0
43 2 1 0 0
40 1 1 0 0
40 2 0 0 0
33 0 0 0 0
37 3 0 0 0
37 1 0 0 0
40 3 1 0 0
39 0 2 0 0
42 5 0 0 0
39 4 0 0 0
43 2 1 0 0
39 1 1 0 0
39 2 0 0 0
43 2 1 0 0
40 2 0 0 0
35 1 0 0 0
38 1 0 0 0
40 2 0 0 0
41 3 0 0 0
35 1 0 0 0
38 2 0 0 0
41 5 0 0 0
42 3 0 0 0
39 1 0 0 0
37 0 0 0 0
43 2 1 0 0
40 2 0 0 0
38 2 0 0 0
50 4 0 1 0
37 3 0 0 0
40 3 0 0 0
37 0 1 0 0
41 4 0 0 0
37 2 0 0 0
34 0 1 0 0
42 2 1 0 0
42 3 1 0 0
38 0 0 0 0
51 8 1 0 0
42 3 0 0 0
45 2 1 0 0
41 4 0 0 0
35 2 0 0 0
37 2 0 0 0
43 1 1 0 0
40 2 0 0 0
40 3 0 0 0
36 2 0 0 0
39 2 0 0 0
35 1 0 0 0
39 4 0 0 0
41 3 0 0 0
38 2 0 0 0
41 0 1 0 0
36 1 0 0 0
40 2 0 0 0
46 6 0 0 0
41 2 0 0 0
36 1 0 0 0
41 1 1 0 0
44 1 2 0 0
43 2 1 0 0
35 1 0 0 0
50 8 0 0 0
42 2 1 0 0
41 4 0 0 0
38 2 0 0 0
40 3 0 0 0
38 1 0 0 0
37 3 0 0 0
