12 0 0 0 0
24 0 0 0 0
15 0 0 0 0
15 0 0 0 0
22 0 0 0 0
19 0 0 0 0
23 0 0 0 0
10 0 0 0 0
21 0 0 0 0
17 0 0 0 0
16 0 0 0 0
17 0 0 0 0
21 0 0 0 0
13 0 0 0 0
19 0 0 0 0
24 0 0 0 0
28 1 0 0 0
22 0 0 0 0
21 0 0 0 0
20 0 0 0 0
24 0 0 0 0
22 0 0 0 0
19 0 0 0 0
20 0 0 0 0
18 0 0 0 0
20 0 0 0 0
22 0 0 0 0
24 1 0 0 0
22 0 0 0 0
25 0 0 0 0
29 0 0 0 0
24 0 0 0 0
23 0 0 0 0
23 0 0 0 0
22 0 0 0 0
23 0 0 0 0
17 0 0 0 0
22 0 0 0 0
18 0 0 0 0
27 1 0 0 0
24 0 0 0 0
18 0 0 0 0
15 0 0 0 0
19 0 0 0 0
24 0 0 0 0
25 0 0 0 0
21 0 0 0 0
25 0 0 0 0
23 0 0 0 0
22 0 0 0 0
21 0 0 0 0
25 0 0 0 0
28 0 0 0 0
24 0 0 0 0
24 1 0 0 0
21 0 0 0 0
21 0 0 0 0
25 1 0 0 0
24 0 0 0 0
19 0 0 0 0
18 0 0 0 0
25 0 0 0 0
25 0 0 0 0
23 0 0 0 0
24 1 0 0 0
22 0 0 0 0
26 0 0 0 0
22 0 0 0 0
25 0 0 0 0
26 0 0 0 0
29 1 0 0 0
18 0 0 0 0
21 0 0 0 0
29 0 0 0 0
24 1 0 0 0
31 0 0 0 0
26 0 0 0 0
27 0 0 0 0
27 0 0 0 0
24 0 0 0 0
22 0 0 0 0
23 0 1 0 0
31 0 0 0 0
27 0 0 0 0
31 0 0 0 0
32 3 0 0 0
27 1 0 0 0
27 0 0 0 0
28 0 0 0 0
31 1 0 0 0
25 0 0 0 0
31 2 0 0 0
25 1 0 0 0
29 1 0 0 0
34 0 0 0 0
34 4 0 0 0
33 0 0 0 0
25 0 0 0 0
36 2 0 0 0
36 2 1 0 0
35 0 0 0 0
40 2 0 0 0
27 2 0 0 0
35 1 1 0 0
23 0 0 0 0
38 1 1 0 0
34 5 0 0 0
40 3 0 0 0
35 0 0 0 0
40 3 0 0 0
29 1 0 0 0
37 3 0 0 0
41 2 0 0 0
33 1 0 0 0
41 5 0 0 0
36 3 0 0 0
33 1 0 0 0
32 2 0 0 0
38 5 0 0 0
33 1 0 0 0
40 2 0 0 0
38 7 0 0 0
37 2 0 0 0
36 2 0 0 0
43 5 0 0 0
27 0 0 0 0
31 1 0 0 0
65 16 2 0 0
37 2 0 0 0
30 4 0 0 0
33 1 0 0 0
44 3 0 0 0
46 7 0 0 0
36 1 0 0 0
60 11 1 0 0
35 3 0 0 0
49 4 2 0 0
54 7 2 0 0
46 3 0 0 0
69 23 0 0 0
45 5 0 0 0
70 13 3 0 0
66 13 2 0 0
41 5 0 0 0
46 6 0 0 0
45 3 1 0 0
46 3 1 0 0
63 7 3 0 0
63 9 2 0 0
49 6 1 0 0
42 7 0 0 0
45 4 0 0 0
46 8 0 0 0
54 12 0 0 0
62 11 2 0 0
63 13 1 0 0
74 19 1 0 0
53 12 0 0 0
53 12 0 0 0
46 7 0 0 0
63 15 0 0 0
54 9 1 0 0
77 20 2 0 0
78 21 2 0 0
52 8 1 0 0
54 7 1 0 0
54 8 1 0 0
48 9 0 0 0
78 27 0 0 0
49 8 0 0 0
64 17 0 0 0
68 16 1 0 0
58 11 1 0 0
93 31 2 0 0
55 13 0 0 0
44 4 0 0 0
85 25 2 0 0
69 19 1 0 0
56 14 0 0 0
65 13 1 0 0
48 6 0 0 0
57 11 1 0 0
50 7 0 0 0
53 10 1 0 0
64 15 0 0 0
72 14 2 0 0
57 11 0 0 0
72 18 2 0 0
50 8 0 0 0
61 9 2 0 0
92 27 3 0 0
78 17 3 0 0
69 18 0 0 0
43 2 0 0 0
83 19 3 0 0
58 12 0 0 0
68 18 1 0 0
80 20 2 0 0
76 20 1 0 0
83 18 2 1 0
