23 0 0 0 0
16 0 0 0 0
22 0 0 0 0
18 0 0 0 0
20 0 0 0 0
24 0 0 0 0
17 0 0 0 0
20 0 0 0 0
18 0 0 0 0
21 0 0 0 0
16 0 0 0 0
24 0 0 0 0
16 0 0 0 0
15 0 0 0 0
13 0 0 0 0
14 0 0 0 0
12 0 0 0 0
21 0 0 0 0
22 0 0 0 0
22 0 0 0 0
14 0 0 0 0
20 0 0 0 0
14 0 0 0 0
23 0 0 0 0
21 0 0 0 0
11 0 0 0 0
19 0 0 0 0
23 0 0 0 0
24 0 0 0 0
17 0 0 0 0
18 0 0 0 0
22 0 0 0 0
16 0 0 0 0
25 0 0 0 0
26 0 0 0 0
18 0 0 0 0
20 0 0 0 0
18 0 0 0 0
23 0 0 0 0
25 0 0 0 0
24 0 0 0 0
22 0 0 0 0
19 0 0 0 0
17 0 0 0 0
20 0 0 0 0
20 0 0 0 0
20 0 0 0 0
20 2 0 0 0
27 0 0 0 0
25 0 0 0 0
26 2 0 0 0
28 1 0 0 0
27 2 0 0 0
31 2 0 0 0
22 0 0 0 0
27 1 0 0 0
25 0 0 0 0
27 2 0 0 0
29 2 0 0 0
26 1 0 0 0
28 1 0 0 0
32 5 0 0 0
29 2 0 0 0
30 1 0 0 0
26 0 0 0 0
28 1 0 0 0
27 1 0 0 0
26 1 0 0 0
47 9 1 0 0
26 0 0 0 0
30 2 0 0 0
27 1 0 0 0
33 2 0 0 0
26 2 0 0 0
24 0 0 0 0
29 0 1 0 0
29 0 0 0 0
34 2 1 0 0
25 1 0 0 0
28 2 0 0 0
28 1 0 0 0
31 1 0 0 0
43 5 2 0 0
31 3 0 0 0
27 1 0 0 0
28 1 0 0 0
26 1 0 0 0
26 0 0 0 0
29 1 0 0 0
25 0 0 0 0
30 0 0 0 0
35 3 0 0 0
31 1 0 0 0
28 0 0 0 0
32 3 0 0 0
32 2 1 0 0
30 1 0 0 0
29 2 0 0 0
29 4 0 0 0
31 0 1 0 0
